0.160074	300
0.141233	85.7143
0.130554	50
0.125925	35.2941
0.124469	27.2727
0.124503	22.2222
0.125291	18.75
0.1265	16.2162
0.12797	14.2857
0.129614	12.766
0.13138	11.5385
0.133238	10.5263
0.135165	9.67742
0.137145	8.95522
0.139166	8.33333
0.141219	7.79221
0.143297	7.31707
0.145392	6.89655
0.147501	6.52174
0.149619	6.18557
0.151742	5.88235
0.153869	5.60748
0.155996	5.35714
0.158122	5.12821
0.160244	4.91803
0.162362	4.72441
0.164475	4.54545
0.166581	4.37956
0.16868	4.22535
0.17077	4.08163
0.172853	3.94737
0.174926	3.82166
0.17699	3.7037
0.179045	3.59281
0.181089	3.48837
0.183124	3.38983
0.185149	3.2967
0.187164	3.20856
0.189169	3.125
0.191163	3.04569
0.193147	2.9703
0.195122	2.89855
0.197086	2.83019
0.19904	2.76498
0.200984	2.7027
0.202918	2.64317
0.204843	2.58621
0.206757	2.53165
0.208663	2.47934
0.210558	2.42915
0.212444	2.38095
0.214321	2.33463
0.216188	2.29008
0.218046	2.24719
0.219895	2.20588
0.221735	2.16606
0.223566	2.12766
0.225387	2.09059
0.2272	2.05479
0.229005	2.0202
0.2308	1.98675
0.232587	1.9544
0.234364	1.92308
0.236134	1.89274
0.237895	1.86335
0.239647	1.83486
0.24139	1.80723
0.243126	1.78042
0.244852	1.75439
0.24657	1.72911
0.24828	1.70455
0.249982	1.68067
0.251675	1.65746
0.25336	1.63488
0.255036	1.6129
0.256704	1.59151
0.258363	1.57068
0.260015	1.55039
0.261658	1.53061
0.263292	1.51134
0.264919	1.49254
0.266537	1.4742
0.268146	1.45631
0.269748	1.43885
0.271341	1.4218
0.272925	1.40515
0.274501	1.38889
0.276069	1.373
0.277629	1.35747
0.27918	1.34228
0.280723	1.32743
0.282257	1.31291
0.283783	1.2987
0.285301	1.2848
0.28681	1.27119
0.288311	1.25786
0.289803	1.24481
0.291287	1.23203
0.292762	1.21951
0.294229	1.20724
0.295688	1.19522
0.297138	1.18343
0.29858	1.17187
0.300013	1.16054
0.301438	1.14943
0.302854	1.13852
0.304262	1.12782
0.305661	1.11732
0.307052	1.10701
0.308434	1.09689
0.309808	1.08696
0.311173	1.0772
0.31253	1.06762
0.313878	1.0582
0.315218	1.04895
0.316549	1.03986
0.317872	1.03093
0.319187	1.02215
0.320493	1.01351
0.32179	1.00503
0.323079	0.996678
0.32436	0.988468
0.325632	0.980392
0.326895	0.972447
0.328151	0.96463
0.329397	0.956938
0.330636	0.949367
0.331866	0.941915
0.333087	0.934579
0.3343	0.927357
0.335505	0.920245
0.336701	0.913242
0.33789	0.906344
0.339069	0.89955
0.340241	0.892857
0.341404	0.886263
0.342559	0.879765
0.343705	0.873362
0.344843	0.867052
0.345973	0.860832
0.347095	0.854701
0.348209	0.848656
0.349314	0.842697
0.350411	0.83682
0.3515	0.831025
0.352581	0.825309
0.353654	0.819672
0.354719	0.814111
0.355775	0.808625
0.356824	0.803213
0.357865	0.797872
0.358897	0.792602
0.359922	0.787402
0.360938	0.782269
0.361947	0.777202
0.362948	0.772201
0.363941	0.767263
0.364926	0.762389
0.365903	0.757576
0.366872	0.752823
0.367834	0.74813
0.368788	0.743494
0.369734	0.738916
0.370672	0.734394
0.371603	0.729927
0.372526	0.725514
0.373442	0.721154
0.374349	0.716846
0.37525	0.712589
0.376142	0.708383
0.377028	0.704225
0.377905	0.700117
0.378776	0.696056
0.379638	0.692042
0.380494	0.688073
0.381342	0.684151
0.382183	0.680272
0.383016	0.676437
0.383842	0.672646
0.384661	0.668896
0.385473	0.665188
0.386277	0.661521
0.387074	0.657895
0.387864	0.654308
0.388647	0.650759
0.389423	0.647249
0.390192	0.643777
0.390954	0.640342
0.391709	0.636943
0.392457	0.63358
0.393198	0.630252
0.393932	0.626959
0.394659	0.623701
0.39538	0.620476
0.396093	0.617284
0.3968	0.614125
0.3975	0.610998
0.398194	0.607903
0.39888	0.604839
0.39956	0.601805
0.400234	0.598802
0.4009	0.595829
0.401561	0.592885
0.402215	0.589971
0.402862	0.587084
0.403503	0.584226
0.404137	0.581395
0.404765	0.578592
0.405386	0.575816
0.406002	0.573066
0.406611	0.570342
0.407213	0.567644
0.40781	0.564972
0.4084	0.562324
0.408984	0.559701
0.409562	0.557103
0.410133	0.554529
0.410699	0.551978
0.411258	0.549451
0.411812	0.546946
0.412359	0.544465
0.412901	0.542005
0.413436	0.539568
0.413966	0.537153
0.41449	0.534759
0.415008	0.532387
0.41552	0.530035
0.416026	0.527704
0.416527	0.525394
0.417021	0.523104
0.41751	0.520833
0.417994	0.518583
0.418471	0.516351
0.418944	0.514139
0.41941	0.511945
0.419871	0.509771
0.420326	0.507614
0.420776	0.505476
0.421221	0.503356
0.42166	0.501253
0.422093	0.499168
0.422521	0.4971
0.422944	0.49505
0.423361	0.493016
0.423774	0.490998
0.42418	0.488998
0.424582	0.487013
0.424978	0.485044
0.425369	0.483092
0.425755	0.481155
0.426136	0.479233
0.426512	0.477327
0.426883	0.475436
0.427248	0.47356
0.427609	0.471698
0.427964	0.469851
0.428315	0.468019
0.42866	0.4662
0.429001	0.464396
0.429337	0.462606
0.429668	0.460829
0.429994	0.459067
0.430315	0.457317
0.430631	0.455581
0.430943	0.453858
0.43125	0.452148
0.431552	0.45045
0.431849	0.448766
0.432142	0.447094
0.43243	0.445434
0.432714	0.443787
0.432993	0.442152
0.433267	0.440529
0.433537	0.438917
0.433802	0.437318
0.434063	0.43573
0.434319	0.434153
0.434571	0.432588
0.434818	0.431034
0.435061	0.429492
0.4353	0.42796
0.435534	0.426439
0.435764	0.424929
0.43599	0.42343
0.436211	0.421941
0.436428	0.420463
0.436641	0.418994
0.436849	0.417537
0.437054	0.416089
0.437254	0.414651
0.43745	0.413223
0.437642	0.411805
0.43783	0.410397
0.438014	0.408998
0.438193	0.407609
0.438369	0.406229
0.438541	0.404858
0.438708	0.403497
0.438872	0.402145
0.439032	0.400802
0.439188	0.399467
0.439339	0.398142
0.439487	0.396825
0.439632	0.395517
0.439772	0.394218
0.439908	0.392927
0.440041	0.391645
0.44017	0.390371
0.440295	0.389105
0.440416	0.387847
0.440534	0.386598
0.440648	0.385356
0.440758	0.384123
0.440864	0.382897
0.440967	0.381679
0.441067	0.380469
0.441162	0.379267
0.441254	0.378072
0.441343	0.376884
0.441428	0.375704
0.441509	0.374532
0.441587	0.373367
0.441662	0.372208
0.441733	0.371058
0.4418	0.369914
0.441864	0.368777
0.441925	0.367647
0.441982	0.366524
0.442036	0.365408
0.442087	0.364299
0.442134	0.363196
0.442178	0.3621
0.442218	0.361011
0.442255	0.359928
0.442289	0.358852
