6.2573088e-01	1.2500000e+00
5.0762270e-01	1.3750000e+00
4.1608026e-01	1.5000000e+00
3.4409110e-01	1.6250000e+00
2.8672749e-01	1.7500000e+00
2.4049009e-01	1.8750000e+00
2.0284800e-01	2.0000000e+00
1.7193701e-01	2.1250000e+00
1.4636087e-01	2.2500000e+00
1.2505798e-01	2.3750000e+00
1.0721028e-01	2.5000000e+00
9.2179713e-02	2.6250000e+00
7.9463228e-02	2.7500000e+00
6.8660315e-02	2.8750000e+00
5.9449288e-02	3.0000000e+00
5.1569702e-02	3.1250000e+00
4.4809152e-02	3.2500000e+00
3.8993271e-02	3.3750000e+00
3.3978050e-02	3.5000000e+00
2.9643889e-02	3.6250000e+00
2.5890967e-02	3.7500000e+00
2.2635576e-02	3.8750000e+00
1.9807225e-02	4.0000000e+00
1.7346320e-02	4.1250000e+00
1.5202300e-02	4.2500000e+00
1.3332125e-02	4.3750000e+00
1.1699045e-02	4.5000000e+00
1.0271597e-02	4.6250000e+00
9.0227697e-03	4.7500000e+00
7.9293235e-03	4.8750000e+00
6.9712190e-03	5.0000000e+00
6.1311391e-03	5.1250000e+00
5.3940975e-03	5.2500000e+00
4.7470978e-03	5.3750000e+00
4.1788557e-03	5.5000000e+00
3.6795551e-03	5.6250000e+00
3.2406503e-03	5.7500000e+00
2.8546912e-03	5.8750000e+00
2.5151749e-03	6.0000000e+00
2.2164210e-03	6.1250000e+00
1.9534625e-03	6.2500000e+00
1.7219508e-03	6.3750000e+00
1.5180778e-03	6.5000000e+00
1.3385080e-03	6.6250000e+00
1.1803134e-03	6.7500000e+00
1.0409265e-03	6.8750000e+00
9.1809111e-04	7.0000000e+00
8.0982840e-04	7.1250000e+00
7.1439649e-04	7.2500000e+00
6.3026497e-04	7.3750000e+00
5.5608785e-04	7.5000000e+00
4.9068201e-04	7.6250000e+00
4.3300539e-04	7.7500000e+00
3.8214071e-04	7.8750000e+00
3.3727934e-04	8.0000000e+00
2.9771100e-04	8.1250000e+00
2.6281016e-04	8.2500000e+00
2.3202285e-04	8.3750000e+00
2.0486469e-04	8.5000000e+00
1.8090504e-04	8.6250000e+00
1.5976809e-04	8.7500000e+00
1.4112078e-04	8.8750000e+00
1.2466752e-04	9.0000000e+00
1.1015140e-04	9.1250000e+00
9.7343149e-05	9.2500000e+00
8.6041466e-05	9.3750000e+00
7.6069814e-05	9.5000000e+00
6.7270613e-05	9.6250000e+00
5.9505758e-05	9.7500000e+00
5.2654435e-05	9.8750000e+00
4.6608190e-05	1.0000000e+01
4.1272241e-05	1.0125000e+01
3.6562973e-05	1.0250000e+01
3.2407626e-05	1.0375000e+01
2.8739135e-05	1.0500000e+01
2.5502097e-05	1.0625000e+01
2.2643879e-05	1.0750000e+01
2.0121812e-05	1.0875000e+01
1.7894495e-05	1.1000000e+01
1.5928172e-05	1.1125000e+01
1.4192188e-05	1.1250000e+01
1.2658507e-05	1.1375000e+01
1.1303283e-05	1.1500000e+01
1.0106490e-05	1.1625000e+01
9.0485873e-06	1.1750000e+01
8.1132298e-06	1.1875000e+01
7.2860077e-06	1.2000000e+01
6.5542200e-06	1.2125000e+01
5.9066731e-06	1.2250000e+01
5.3325036e-06	1.2375000e+01
4.8230202e-06	1.2500000e+01
4.3715638e-06	1.2625000e+01
3.9713877e-06	1.2750000e+01
3.6145497e-06	1.2875000e+01
3.2978105e-06	1.3000000e+01
3.0155562e-06	1.3125000e+01
2.7627201e-06	1.3250000e+01
2.5377135e-06	1.3375000e+01
2.3363747e-06	1.3500000e+01
2.1569111e-06	1.3625000e+01
1.9948603e-06	1.3750000e+01
1.8490435e-06	1.3875000e+01
1.7175347e-06	1.4000000e+01
1.5996271e-06	1.4125000e+01
1.4928114e-06	1.4250000e+01
1.3957471e-06	1.4375000e+01
1.3082417e-06	1.4500000e+01
1.2282376e-06	1.4625000e+01
1.1557894e-06	1.4750000e+01
1.0890569e-06	1.4875000e+01
1.0282862e-06	1.5000000e+01
9.7280405e-07	1.5125000e+01
9.2200685e-07	1.5250000e+01
8.7435410e-07	1.5375000e+01
8.3135474e-07	1.5500000e+01
7.9157134e-07	1.5625000e+01
7.5460714e-07	1.5750000e+01
7.2010350e-07	1.5875000e+01
6.8873373e-07	1.6000000e+01
6.5920476e-07	1.6125000e+01
6.3124866e-07	1.6250000e+01
6.0561954e-07	1.6375000e+01
5.8209482e-07	1.6500000e+01
5.5947304e-07	1.6625000e+01
5.3856629e-07	1.6750000e+01
5.1820654e-07	1.6875000e+01
5.0023153e-07	1.7000000e+01
4.8250330e-07	1.7125000e+01
4.6588657e-07	1.7250000e+01
4.5125558e-07	1.7375000e+01
4.3650368e-07	1.7500000e+01
4.2252369e-07	1.7625000e+01
4.0921904e-07	1.7750000e+01
3.9749656e-07	1.7875000e+01
3.8527939e-07	1.8000000e+01
3.7448387e-07	1.8125000e+01
3.6404121e-07	1.8250000e+01
3.5388400e-07	1.8375000e+01
3.4394993e-07	1.8500000e+01
3.3517656e-07	1.8625000e+01
3.2651289e-07	1.8750000e+01
3.1790761e-07	1.8875000e+01
3.1030883e-07	1.9000000e+01
3.0267521e-07	1.9125000e+01
2.9496475e-07	1.9250000e+01
2.8813294e-07	1.9375000e+01
2.8214295e-07	1.9500000e+01
2.7496700e-07	1.9625000e+01
2.6955960e-07	1.9750000e+01
2.6290222e-07	1.9875000e+01
2.5795157e-07	2.0000000e+01
2.5268921e-07	2.0125000e+01
2.4708738e-07	2.0250000e+01
2.4211764e-07	2.0375000e+01
2.3676054e-07	2.0500000e+01
2.3198844e-07	2.0625000e+01
2.2777916e-07	2.0750000e+01
2.2311891e-07	2.0875000e+01
2.1898171e-07	2.1000000e+01
2.1534939e-07	2.1125000e+01
2.1121043e-07	2.1250000e+01
2.0754219e-07	2.1375000e+01
2.0432935e-07	2.1500000e+01
2.0056094e-07	2.1625000e+01
1.9721821e-07	2.1750000e+01
1.9329254e-07	2.1875000e+01
1.9075915e-07	2.2000000e+01
1.8761689e-07	2.2125000e+01
1.8385407e-07	2.2250000e+01
1.8144653e-07	2.2375000e+01
1.7839602e-07	2.2500000e+01
1.7568562e-07	2.2625000e+01
1.7330540e-07	2.2750000e+01
1.7025090e-07	2.2875000e+01
1.6750776e-07	2.3000000e+01
1.6506601e-07	2.3125000e+01
1.6291712e-07	2.3250000e+01
1.6006090e-07	2.3375000e+01
1.5847289e-07	2.3500000e+01
1.5616157e-07	2.3625000e+01
1.5411218e-07	2.3750000e+01
1.5132514e-07	2.3875000e+01
1.4977718e-07	2.4000000e+01
1.4747879e-07	2.4125000e+01
1.4541530e-07	2.4250000e+01
1.4358010e-07	2.4375000e+01
1.4196753e-07	2.4500000e+01
1.4057290e-07	2.4625000e+01
1.3839666e-07	2.4750000e+01
1.3642767e-07	2.4875000e+01
1.3465983e-07	2.5000000e+01
1.3308785e-07	2.5125000e+01
1.3170723e-07	2.5250000e+01
1.3051421e-07	2.5375000e+01
1.2851112e-07	2.5500000e+01
1.2668740e-07	2.5625000e+01
1.2602790e-07	2.5750000e+01
1.2454702e-07	2.5875000e+01
1.2323252e-07	2.6000000e+01
1.2108849e-07	2.6125000e+01
1.2009378e-07	2.6250000e+01
1.1826468e-07	2.6375000e+01
1.1757576e-07	2.6500000e+01
1.1604523e-07	2.6625000e+01
1.1465987e-07	2.6750000e+01
1.1341605e-07	2.6875000e+01
1.1231059e-07	2.7000000e+01
1.1134080e-07	2.7125000e+01
1.1050445e-07	2.7250000e+01
1.0880755e-07	2.7375000e+01
1.0822797e-07	2.7500000e+01
1.0678296e-07	2.7625000e+01
1.0546103e-07	2.7750000e+01
1.0524810e-07	2.7875000e+01
1.0416206e-07	2.8000000e+01
1.0319129e-07	2.8125000e+01
1.0134363e-07	2.8250000e+01
1.0059491e-07	2.8375000e+01
9.9954854e-08	2.8500000e+01
9.9422285e-08	2.8625000e+01
9.8002076e-08	2.8750000e+01
9.6686299e-08	2.8875000e+01
9.6457729e-08	2.9000000e+01
9.5338925e-08	2.9125000e+01
9.4316979e-08	2.9250000e+01
9.3389624e-08	2.9375000e+01
9.2554856e-08	2.9500000e+01
9.1810926e-08	2.9625000e+01
9.1156336e-08	2.9750000e+01
9.0589834e-08	2.9875000e+01
9.0110413e-08	3.0000000e+01
8.8725615e-08	3.0125000e+01
8.8413100e-08	3.0250000e+01
8.7194135e-08	3.0375000e+01
8.7043654e-08	3.0500000e+01
8.5983163e-08	3.0625000e+01
8.5001433e-08	3.0750000e+01
8.5083805e-08	3.0875000e+01
8.4251742e-08	3.1000000e+01
8.3493716e-08	3.1125000e+01
8.2808265e-08	3.1250000e+01
8.2194101e-08	3.1375000e+01
8.1650111e-08	3.1500000e+01
8.0188256e-08	3.1625000e+01
7.9779239e-08	3.1750000e+01
7.9437259e-08	3.1875000e+01
7.9161862e-08	3.2000000e+01
7.7963239e-08	3.2125000e+01
7.7814423e-08	3.2250000e+01
7.6742354e-08	3.2375000e+01
7.6716969e-08	3.2500000e+01
7.5765974e-08	3.2625000e+01
7.5862006e-08	3.2750000e+01
7.5027688e-08	3.2875000e+01
7.4252086e-08	3.3000000e+01
7.3533811e-08	3.3125000e+01
7.2871596e-08	3.3250000e+01
7.2264294e-08	3.3375000e+01
7.2696128e-08	3.3500000e+01
7.2195610e-08	3.3625000e+01
7.0762107e-08	3.3750000e+01
7.0365259e-08	3.3875000e+01
7.0019276e-08	3.4000000e+01
6.9723674e-08	3.4125000e+01
6.9478074e-08	3.4250000e+01
6.9282202e-08	3.4375000e+01
6.8147106e-08	3.4500000e+01
6.8044948e-08	3.4625000e+01
6.7006670e-08	3.4750000e+01
6.6995615e-08	3.4875000e+01
6.7032972e-08	3.5000000e+01
6.6127637e-08	3.5125000e+01
6.5269678e-08	3.5250000e+01
6.5435847e-08	3.5375000e+01
6.4662752e-08	3.5500000e+01
6.4916424e-08	3.5625000e+01
6.4225524e-08	3.5750000e+01
6.3576969e-08	3.5875000e+01
6.2969762e-08	3.6000000e+01
6.3386339e-08	3.6125000e+01
6.2856685e-08	3.6250000e+01
6.2366372e-08	3.6375000e+01
6.1914687e-08	3.6500000e+01
6.1500986e-08	3.6625000e+01
6.1124689e-08	3.6750000e+01
6.0785283e-08	3.6875000e+01
6.0482317e-08	3.7000000e+01
6.0215406e-08	3.7125000e+01
5.9984225e-08	3.7250000e+01
5.8804908e-08	3.7375000e+01
5.8641364e-08	3.7500000e+01
5.8512367e-08	3.7625000e+01
5.8417829e-08	3.7750000e+01
5.8357724e-08	3.7875000e+01
5.7344907e-08	3.8000000e+01
5.7347941e-08	3.8125000e+01
5.7385072e-08	3.8250000e+01
5.6467892e-08	3.8375000e+01
5.6566337e-08	3.8500000e+01
5.5712902e-08	3.8625000e+01
5.5871599e-08	3.8750000e+01
5.5079081e-08	3.8875000e+01
5.5297352e-08	3.9000000e+01
5.4563293e-08	3.9125000e+01
5.4840837e-08	3.9250000e+01
5.4163136e-08	3.9375000e+01
5.3516376e-08	3.9500000e+01
5.3876919e-08	3.9625000e+01
5.3283562e-08	3.9750000e+01
5.2719193e-08	3.9875000e+01
5.3162434e-08	4.0000000e+01
5.2649241e-08	4.0125000e+01
5.2163443e-08	4.0250000e+01
5.1704437e-08	4.0375000e+01
5.1271661e-08	4.0500000e+01
5.1844049e-08	4.0625000e+01
5.1459680e-08	4.0750000e+01
5.1100499e-08	4.0875000e+01
5.0766087e-08	4.1000000e+01
5.0456058e-08	4.1125000e+01
5.0170058e-08	4.1250000e+01
4.9907767e-08	4.1375000e+01
4.9668898e-08	4.1500000e+01
4.9453194e-08	4.1625000e+01
4.9260431e-08	4.1750000e+01
4.9090415e-08	4.1875000e+01
4.8942983e-08	4.2000000e+01
4.8818003e-08	4.2125000e+01
4.7735329e-08	4.2250000e+01
4.7651893e-08	4.2375000e+01
4.7590240e-08	4.2500000e+01
4.7550353e-08	4.2625000e+01
4.7532245e-08	4.2750000e+01
4.6557281e-08	4.2875000e+01
4.6577685e-08	4.3000000e+01
4.6619608e-08	4.3125000e+01
4.6683174e-08	4.3250000e+01
4.5787946e-08	4.3375000e+01
4.5888374e-08	4.3500000e+01
4.6010499e-08	4.3625000e+01
4.5173767e-08	4.3750000e+01
4.5331838e-08	4.3875000e+01
4.5511887e-08	4.4000000e+01
4.4729730e-08	4.4125000e+01
4.4945226e-08	4.4250000e+01
4.4201715e-08	4.4375000e+01
4.4452287e-08	4.4500000e+01
4.3745683e-08	4.4625000e+01
4.4031132e-08	4.4750000e+01
4.3359864e-08	4.4875000e+01
4.3680154e-08	4.5000000e+01
4.3042811e-08	4.5125000e+01
4.3398074e-08	4.5250000e+01
4.2793397e-08	4.5375000e+01
4.3183930e-08	4.5500000e+01
4.2610808e-08	4.5625000e+01
4.2057566e-08	4.5750000e+01
4.2494537e-08	4.5875000e+01
4.1971147e-08	4.6000000e+01
4.1466388e-08	4.6125000e+01
4.1950084e-08	4.6250000e+01
4.1473786e-08	4.6375000e+01
4.1015032e-08	4.6500000e+01
4.1546212e-08	4.6625000e+01
4.1114821e-08	4.6750000e+01
4.0700035e-08	4.6875000e+01
4.0301465e-08	4.7000000e+01
4.0891702e-08	4.7125000e+01
4.0519270e-08	4.7250000e+01
4.0162304e-08	4.7375000e+01
3.9820478e-08	4.7500000e+01
3.9493482e-08	4.7625000e+01
4.0155487e-08	4.7750000e+01
3.9853612e-08	4.7875000e+01
3.9566033e-08	4.8000000e+01
3.9292497e-08	4.8125000e+01
3.9032767e-08	4.8250000e+01
3.8786615e-08	4.8375000e+01
3.8553833e-08	4.8500000e+01
3.8334220e-08	4.8625000e+01
3.8127593e-08	4.8750000e+01
3.7933777e-08	4.8875000e+01
3.7752613e-08	4.9000000e+01
3.7583953e-08	4.9125000e+01
3.7427660e-08	4.9250000e+01
3.7283611e-08	4.9375000e+01
3.7151693e-08	4.9500000e+01
3.7031804e-08	4.9625000e+01
3.6923855e-08	4.9750000e+01
3.6827769e-08	4.9875000e+01
3.6743476e-08	5.0000000e+01
3.6670923e-08	5.0125000e+01
3.6610063e-08	5.0250000e+01
3.6560864e-08	5.0375000e+01
3.6523302e-08	5.0500000e+01
3.6497365e-08	5.0625000e+01
3.6483054e-08	5.0750000e+01
3.6480379e-08	5.0875000e+01
3.5514170e-08	5.1000000e+01
3.5530722e-08	5.1125000e+01
3.5558680e-08	5.1250000e+01
3.5598094e-08	5.1375000e+01
3.5649028e-08	5.1500000e+01
3.5711553e-08	5.1625000e+01
3.4809028e-08	5.1750000e+01
3.4889103e-08	5.1875000e+01
3.4980707e-08	5.2000000e+01
3.5083955e-08	5.2125000e+01
3.4225024e-08	5.2250000e+01
3.4344903e-08	5.2375000e+01
3.4476468e-08	5.2500000e+01
3.4619875e-08	5.2625000e+01
3.3799877e-08	5.2750000e+01
3.3959254e-08	5.2875000e+01
3.4130622e-08	5.3000000e+01
3.3342054e-08	5.3125000e+01
3.3528952e-08	5.3250000e+01
3.3728066e-08	5.3375000e+01
3.2968511e-08	5.3500000e+01
3.3182846e-08	5.3625000e+01
3.3409696e-08	5.3750000e+01
3.2676943e-08	5.3875000e+01
3.2918834e-08	5.4000000e+01
3.3173621e-08	5.4125000e+01
3.2465644e-08	5.4250000e+01
3.2735417e-08	5.4375000e+01
3.3018545e-08	5.4500000e+01
3.2333489e-08	5.4625000e+01
3.2631673e-08	5.4750000e+01
3.1966735e-08	5.4875000e+01
3.2279928e-08	5.5000000e+01
3.1634155e-08	5.5125000e+01
3.1962361e-08	5.5250000e+01
3.1334861e-08	5.5375000e+01
3.1678128e-08	5.5500000e+01
3.2036110e-08	5.5625000e+01
3.1426486e-08	5.5750000e+01
3.1799958e-08	5.5875000e+01
3.1206790e-08	5.6000000e+01
3.1595926e-08	5.6125000e+01
3.1018489e-08	5.6250000e+01
3.1423513e-08	5.6375000e+01
3.0861126e-08	5.6500000e+01
3.0313362e-08	5.6625000e+01
3.0734331e-08	5.6750000e+01
3.0200509e-08	5.6875000e+01
3.0637829e-08	5.7000000e+01
3.0117376e-08	5.7125000e+01
3.0571430e-08	5.7250000e+01
3.0063811e-08	5.7375000e+01
3.0535033e-08	5.7500000e+01
3.0039750e-08	5.7625000e+01
2.9556999e-08	5.7750000e+01
3.0045213e-08	5.7875000e+01
2.9573970e-08	5.8000000e+01
3.0080311e-08	5.8125000e+01
2.9620166e-08	5.8250000e+01
2.9171529e-08	5.8375000e+01
2.9695816e-08	5.8500000e+01
2.9257585e-08	5.8625000e+01
2.8830254e-08	5.8750000e+01
2.9373083e-08	5.8875000e+01
2.8955545e-08	5.9000000e+01
2.8548348e-08	5.9125000e+01
2.9110433e-08	5.9250000e+01
2.8712487e-08	5.9375000e+01
2.8324370e-08	5.9500000e+01
2.8906544e-08	5.9625000e+01
2.8527205e-08	5.9750000e+01
2.8157224e-08	5.9875000e+01
2.8760448e-08	6.0000000e+01
2.8398837e-08	6.0125000e+01
2.8046152e-08	6.0250000e+01
2.7702175e-08	6.0375000e+01
2.8326856e-08	6.0500000e+01
2.7990728e-08	6.0625000e+01
2.7662927e-08	6.0750000e+01
2.7343259e-08	6.0875000e+01
2.7990855e-08	6.1000000e+01
2.7678620e-08	6.1125000e+01
2.7374184e-08	6.1250000e+01
2.7077368e-08	6.1375000e+01
2.7749581e-08	6.1500000e+01
2.7459887e-08	6.1625000e+01
2.7177521e-08	6.1750000e+01
2.6902325e-08	6.1875000e+01
2.6634143e-08	6.2000000e+01
2.7332828e-08	6.2125000e+01
2.7071457e-08	6.2250000e+01
2.6816859e-08	6.2375000e+01
2.6568892e-08	6.2500000e+01
2.6327422e-08	6.2625000e+01
2.7055408e-08	6.2750000e+01
2.6820586e-08	6.2875000e+01
2.6592064e-08	6.3000000e+01
2.6369721e-08	6.3125000e+01
2.6153436e-08	6.3250000e+01
2.5943097e-08	6.3375000e+01
2.5738592e-08	6.3500000e+01
2.6500608e-08	6.3625000e+01
2.6302657e-08	6.3750000e+01
2.6110403e-08	6.3875000e+01
2.5923747e-08	6.4000000e+01
2.5742593e-08	6.4125000e+01
2.5566849e-08	6.4250000e+01
2.5396424e-08	6.4375000e+01
2.5231233e-08	6.4500000e+01
2.5071192e-08	6.4625000e+01
2.5876333e-08	6.4750000e+01
2.5723024e-08	6.4875000e+01
2.5574798e-08	6.5000000e+01
2.5431581e-08	6.5125000e+01
2.5293302e-08	6.5250000e+01
2.5159894e-08	6.5375000e+01
2.5031291e-08	6.5500000e+01
2.4907433e-08	6.5625000e+01
2.4788258e-08	6.5750000e+01
2.4673709e-08	6.5875000e+01
2.4563733e-08	6.6000000e+01
2.4458275e-08	6.6125000e+01
2.4357287e-08	6.6250000e+01
2.4260722e-08	6.6375000e+01
2.4168533e-08	6.6500000e+01
2.4080677e-08	6.6625000e+01
2.3997116e-08	6.6750000e+01
2.3917809e-08	6.6875000e+01
2.3842721e-08	6.7000000e+01
2.3771817e-08	6.7125000e+01
2.3705067e-08	6.7250000e+01
2.3642440e-08	6.7375000e+01
2.3583908e-08	6.7500000e+01
2.3529447e-08	6.7625000e+01
2.3479032e-08	6.7750000e+01
2.3432642e-08	6.7875000e+01
2.3390258e-08	6.8000000e+01
2.3351863e-08	6.8125000e+01
2.3317441e-08	6.8250000e+01
2.3286979e-08	6.8375000e+01
2.3260466e-08	6.8500000e+01
2.3237893e-08	6.8625000e+01
2.3219251e-08	6.8750000e+01
2.3204537e-08	6.8875000e+01
2.3193746e-08	6.9000000e+01
2.3186877e-08	6.9125000e+01
2.3183931e-08	6.9250000e+01
2.3184911e-08	6.9375000e+01
2.3189820e-08	6.9500000e+01
2.3198667e-08	6.9625000e+01
2.3211459e-08	6.9750000e+01
2.3228207e-08	6.9875000e+01
2.3248924e-08	7.0000000e+01
2.3273625e-08	7.0125000e+01
2.2341122e-08	7.0250000e+01
2.2370232e-08	7.0375000e+01
2.2403206e-08	7.0500000e+01
2.2440064e-08	7.0625000e+01
2.2480831e-08	7.0750000e+01
2.2525531e-08	7.0875000e+01
2.2574192e-08	7.1000000e+01
2.2626842e-08	7.1125000e+01
2.2683514e-08	7.1250000e+01
2.1786871e-08	7.1375000e+01
2.1846727e-08	7.1500000e+01
2.1910523e-08	7.1625000e+01
2.1978295e-08	7.1750000e+01
2.2050083e-08	7.1875000e+01
2.2125931e-08	7.2000000e+01
2.2205881e-08	7.2125000e+01
2.2289980e-08	7.2250000e+01
2.1419456e-08	7.2375000e+01
2.1505818e-08	7.2500000e+01
2.1596278e-08	7.2625000e+01
2.1690888e-08	7.2750000e+01
2.1789704e-08	7.2875000e+01
2.1892783e-08	7.3000000e+01
2.2000185e-08	7.3125000e+01
2.1149960e-08	7.3250000e+01
2.1258930e-08	7.3375000e+01
2.1372196e-08	7.3500000e+01
2.1489826e-08	7.3625000e+01
2.1611889e-08	7.3750000e+01
2.0782586e-08	7.3875000e+01
2.0905776e-08	7.4000000e+01
2.1033390e-08	7.4125000e+01
2.1165502e-08	7.4250000e+01
2.1302193e-08	7.4375000e+01
2.1443543e-08	7.4500000e+01
2.0628049e-08	7.4625000e+01
2.0770063e-08	7.4750000e+01
2.0916748e-08	7.4875000e+01
2.1068192e-08	7.5000000e+01
2.1224489e-08	7.5125000e+01
2.0423171e-08	7.5250000e+01
2.0579792e-08	7.5375000e+01
2.0741294e-08	7.5500000e+01
2.0907775e-08	7.5625000e+01
2.0122753e-08	7.5750000e+01
2.0289323e-08	7.5875000e+01
2.0460913e-08	7.6000000e+01
2.0637632e-08	7.6125000e+01
2.0819591e-08	7.6250000e+01
2.0043640e-08	7.6375000e+01
2.0225420e-08	7.6500000e+01
2.0412498e-08	7.6625000e+01
2.0604994e-08	7.6750000e+01
1.9841337e-08	7.6875000e+01
2.0033472e-08	7.7000000e+01
2.0231098e-08	7.7125000e+01
2.0434344e-08	7.7250000e+01
1.9681280e-08	7.7375000e+01
1.9884005e-08	7.7500000e+01
2.0092437e-08	7.7625000e+01
2.0306713e-08	7.7750000e+01
1.9562603e-08	7.7875000e+01
1.9776220e-08	7.8000000e+01
1.9995783e-08	7.8125000e+01
1.9265872e-08	7.8250000e+01
1.9484697e-08	7.8375000e+01
1.9709576e-08	7.8500000e+01
1.9940668e-08	7.8625000e+01
1.9216957e-08	7.8750000e+01
1.9447206e-08	7.8875000e+01
1.9683791e-08	7.9000000e+01
1.8972174e-08	7.9125000e+01
1.9207864e-08	7.9250000e+01
1.9450025e-08	7.9375000e+01
1.9698833e-08	7.9500000e+01
1.8990824e-08	7.9625000e+01
1.9238663e-08	7.9750000e+01
1.9493301e-08	7.9875000e+01
1.8795433e-08	8.0000000e+01
1.9049073e-08	8.0125000e+01
1.9309675e-08	8.0250000e+01
1.8621111e-08	8.0375000e+01
1.8880694e-08	8.0500000e+01
1.9147413e-08	8.0625000e+01
1.8467348e-08	8.0750000e+01
1.8733035e-08	8.0875000e+01
1.9006046e-08	8.1000000e+01
1.8333697e-08	8.1125000e+01
1.8605673e-08	8.1250000e+01
1.8885172e-08	8.1375000e+01
1.8219780e-08	8.1500000e+01
1.8498249e-08	8.1625000e+01
1.8784450e-08	8.1750000e+01
1.8125279e-08	8.1875000e+01
1.8410465e-08	8.2000000e+01
1.8703609e-08	8.2125000e+01
1.8049937e-08	8.2250000e+01
1.8342088e-08	8.2375000e+01
1.8642435e-08	8.2500000e+01
1.7993559e-08	8.2625000e+01
1.8292944e-08	8.2750000e+01
1.8600779e-08	8.2875000e+01
1.7956009e-08	8.3000000e+01
1.8262921e-08	8.3125000e+01
1.8578551e-08	8.3250000e+01
1.7937208e-08	8.3375000e+01
1.8251964e-08	8.3500000e+01
1.7623213e-08	8.3625000e+01
1.7937137e-08	8.3750000e+01
1.8260079e-08	8.3875000e+01
1.7633665e-08	8.4000000e+01
1.7955836e-08	8.4125000e+01
1.8287334e-08	8.4250000e+01
1.7662608e-08	8.4375000e+01
1.7993404e-08	8.4500000e+01
1.7380023e-08	8.4625000e+01
1.7710172e-08	8.4750000e+01
1.8050000e-08	8.4875000e+01
1.7437284e-08	8.5000000e+01
1.7776548e-08	8.5125000e+01
1.7174405e-08	8.5250000e+01
1.7513162e-08	8.5375000e+01
1.7861986e-08	8.5500000e+01
1.7259522e-08	8.5625000e+01
1.7607936e-08	8.5750000e+01
1.7015323e-08	8.5875000e+01
1.7363391e-08	8.6000000e+01
1.7721951e-08	8.6125000e+01
1.7128058e-08	8.6250000e+01
1.7486385e-08	8.6375000e+01
1.6901660e-08	8.6500000e+01
1.7259822e-08	8.6625000e+01
1.7628940e-08	8.6750000e+01
1.7041999e-08	8.6875000e+01
1.7411080e-08	8.7000000e+01
1.6832664e-08	8.7125000e+01
1.7201783e-08	8.7250000e+01
1.6631577e-08	8.7375000e+01
1.7000809e-08	8.7500000e+01
1.7381576e-08	8.7625000e+01
1.6807931e-08	8.7750000e+01
1.7188961e-08	8.7875000e+01
1.6622931e-08	8.8000000e+01
1.7004306e-08	8.8125000e+01
1.6445603e-08	8.8250000e+01
1.6827407e-08	8.8375000e+01
1.6275749e-08	8.8500000e+01
1.6658067e-08	8.8625000e+01
1.7052661e-08	8.8750000e+01
1.6496101e-08	8.8875000e+01
1.6891388e-08	8.9000000e+01
1.6341332e-08	8.9125000e+01
1.6737403e-08	8.9250000e+01
1.6193592e-08	8.9375000e+01
1.6590542e-08	8.9500000e+01
1.6052722e-08	8.9625000e+01
1.6450646e-08	8.9750000e+01
1.6861714e-08	8.9875000e+01
1.6317566e-08	9.0000000e+01
1.6729821e-08	9.0125000e+01
1.6191162e-08	9.0250000e+01
1.6604707e-08	9.0375000e+01
1.6071301e-08	9.0500000e+01
1.6486241e-08	9.0625000e+01
1.5957856e-08	9.0750000e+01
1.6374299e-08	9.0875000e+01
1.5850711e-08	9.1000000e+01
1.6268766e-08	9.1125000e+01
1.5749754e-08	9.1250000e+01
1.6169533e-08	9.1375000e+01
1.5654883e-08	9.1500000e+01
1.6076499e-08	9.1625000e+01
1.5565999e-08	9.1750000e+01
1.5989570e-08	9.1875000e+01
1.5483014e-08	9.2000000e+01
1.5908658e-08	9.2125000e+01
1.5405843e-08	9.2250000e+01
1.5833681e-08	9.2375000e+01
1.5334410e-08	9.2500000e+01
1.5764567e-08	9.2625000e+01
1.5268643e-08	9.2750000e+01
1.5701245e-08	9.2875000e+01
1.6149301e-08	9.3000000e+01
1.5643656e-08	9.3125000e+01
1.6094476e-08	9.3250000e+01
1.5591743e-08	9.3375000e+01
1.5104730e-08	9.3500000e+01
1.5545457e-08	9.3625000e+01
1.5061046e-08	9.3750000e+01
1.5504755e-08	9.3875000e+01
1.5022766e-08	9.4000000e+01
1.5469599e-08	9.4125000e+01
1.4989854e-08	9.4250000e+01
1.5439957e-08	9.4375000e+01
1.4962282e-08	9.4500000e+01
1.5415805e-08	9.4625000e+01
1.4940026e-08	9.4750000e+01
1.5397121e-08	9.4875000e+01
1.4923068e-08	9.5000000e+01
1.5383893e-08	9.5125000e+01
1.4911396e-08	9.5250000e+01
1.5376111e-08	9.5375000e+01
1.4905002e-08	9.5500000e+01
1.5373774e-08	9.5625000e+01
1.4903886e-08	9.5750000e+01
1.5376885e-08	9.5875000e+01
1.4908052e-08	9.6000000e+01
1.5385452e-08	9.6125000e+01
1.4917510e-08	9.6250000e+01
1.5399491e-08	9.6375000e+01
1.4932276e-08	9.6500000e+01
1.4479249e-08	9.6625000e+01
1.4952371e-08	9.6750000e+01
1.4499855e-08	9.6875000e+01
1.4977822e-08	9.7000000e+01
1.4525660e-08	9.7125000e+01
1.5008663e-08	9.7250000e+01
1.4556697e-08	9.7375000e+01
1.5044933e-08	9.7500000e+01
1.4593004e-08	9.7625000e+01
1.5086675e-08	9.7750000e+01
1.4634626e-08	9.7875000e+01
1.4196136e-08	9.8000000e+01
1.4681615e-08	9.8125000e+01
1.4242821e-08	9.8250000e+01
1.4734026e-08	9.8375000e+01
1.4294774e-08	9.8500000e+01
1.4791921e-08	9.8625000e+01
1.4352058e-08	9.8750000e+01
1.4855371e-08	9.8875000e+01
1.4414741e-08	9.9000000e+01
1.3987193e-08	9.9125000e+01
1.4482896e-08	9.9250000e+01
1.4054420e-08	9.9375000e+01
1.4556605e-08	9.9500000e+01
1.4127046e-08	9.9625000e+01
1.4635955e-08	9.9750000e+01
1.4205160e-08	9.9875000e+01
1.4721038e-08	1.0000000e+02
1.4288852e-08	1.0012500e+02
1.3869366e-08	1.0025000e+02
1.4378221e-08	1.0037500e+02
1.3957199e-08	1.0050000e+02
1.4473374e-08	1.0062500e+02
1.4050662e-08	1.0075000e+02
1.4574424e-08	1.0087500e+02
1.4149864e-08	1.0100000e+02
1.3737683e-08	1.0112500e+02
1.4254924e-08	1.0125000e+02
1.3840763e-08	1.0137500e+02
1.4365967e-08	1.0150000e+02
1.3949669e-08	1.0162500e+02
1.3545447e-08	1.0175000e+02
1.4064533e-08	1.0187500e+02
1.3658050e-08	1.0200000e+02
1.4185493e-08	1.0212500e+02
1.3776591e-08	1.0225000e+02
1.4312694e-08	1.0237500e+02
1.3901214e-08	1.0250000e+02
1.3501574e-08	1.0262500e+02
1.4032069e-08	1.0275000e+02
1.3629735e-08	1.0287500e+02
1.4169318e-08	1.0300000e+02
1.3764127e-08	1.0312500e+02
1.3370534e-08	1.0325000e+02
1.3904916e-08	1.0337500e+02
1.3508356e-08	1.0350000e+02
1.4052275e-08	1.0362500e+02
1.3652583e-08	1.0375000e+02
1.3264271e-08	1.0387500e+02
1.3803397e-08	1.0400000e+02
1.3411848e-08	1.0412500e+02
1.3960985e-08	1.0425000e+02
1.3566032e-08	1.0437500e+02
1.3182262e-08	1.0450000e+02
1.3727018e-08	1.0462500e+02
1.3339742e-08	1.0475000e+02
1.3895011e-08	1.0487500e+02
1.3504058e-08	1.0500000e+02
1.3124115e-08	1.0512500e+02
1.3675420e-08	1.0525000e+02
1.3291702e-08	1.0537500e+02
1.2918760e-08	1.0550000e+02
1.3466380e-08	1.0562500e+02
1.3089568e-08	1.0575000e+02
1.3648378e-08	1.0587500e+02
1.3267519e-08	1.0600000e+02
1.2897298e-08	1.0612500e+02
1.3452847e-08	1.0625000e+02
1.3078486e-08	1.0637500e+02
1.2714551e-08	1.0650000e+02
1.3267115e-08	1.0662500e+02
1.2898949e-08	1.0675000e+02
1.3463439e-08	1.0687500e+02
1.3090858e-08	1.0700000e+02
1.2728598e-08	1.0712500e+02
1.3290539e-08	1.0725000e+02
1.2923774e-08	1.0737500e+02
1.2567139e-08	1.0750000e+02
1.3126803e-08	1.0762500e+02
1.2765575e-08	1.0775000e+02
1.3337967e-08	1.0787500e+02
1.2971954e-08	1.0800000e+02
1.2615994e-08	1.0812500e+02
1.3186565e-08	1.0825000e+02
1.2825731e-08	1.0837500e+02
1.2474779e-08	1.0850000e+02
1.3043802e-08	1.0862500e+02
1.2687889e-08	1.0875000e+02
1.3270519e-08	1.0887500e+02
1.2909442e-08	1.0900000e+02
1.2558199e-08	1.0912500e+02
1.3139760e-08	1.0925000e+02
1.2783264e-08	1.0937500e+02
1.2436448e-08	1.0950000e+02
1.3017217e-08	1.0962500e+02
1.2665060e-08	1.0975000e+02
1.2322438e-08	1.0987500e+02
1.2902692e-08	1.1000000e+02
1.2554638e-08	1.1012500e+02
1.2215982e-08	1.1025000e+02
1.2795999e-08	1.1037500e+02
1.2451822e-08	1.1050000e+02
1.2116909e-08	1.1062500e+02
1.2696968e-08	1.1075000e+02
1.2356445e-08	1.1087500e+02
1.2951795e-08	1.1100000e+02
1.2605441e-08	1.1112500e+02
1.2268356e-08	1.1125000e+02
1.2864281e-08	1.1137500e+02
1.2521272e-08	1.1150000e+02
1.2187417e-08	1.1162500e+02
1.2784206e-08	1.1175000e+02
1.2444331e-08	1.1187500e+02
1.2113500e-08	1.1200000e+02
1.2711443e-08	1.1212500e+02
1.2374498e-08	1.1225000e+02
1.2046491e-08	1.1237500e+02
1.2645882e-08	1.1250000e+02
1.2311665e-08	1.1262500e+02
1.1986287e-08	1.1275000e+02
1.2587422e-08	1.1287500e+02
1.2255735e-08	1.1300000e+02
1.1932796e-08	1.1312500e+02
1.2535974e-08	1.1325000e+02
1.2206626e-08	1.1337500e+02
1.1885938e-08	1.1350000e+02
1.2491462e-08	1.1362500e+02
1.2164263e-08	1.1375000e+02
1.1845642e-08	1.1387500e+02
1.2453820e-08	1.1400000e+02
1.2128585e-08	1.1412500e+02
1.1811851e-08	1.1425000e+02
1.2422995e-08	1.1437500e+02
1.2099540e-08	1.1450000e+02
1.1784515e-08	1.1462500e+02
1.2398943e-08	1.1475000e+02
1.2077089e-08	1.1487500e+02
1.1763597e-08	1.1500000e+02
1.2381632e-08	1.1512500e+02
1.2061201e-08	1.1525000e+02
1.1749071e-08	1.1537500e+02
1.1445024e-08	1.1550000e+02
1.2051859e-08	1.1562500e+02
1.1740918e-08	1.1575000e+02
1.1438006e-08	1.1587500e+02
1.2049053e-08	1.1600000e+02
1.1739133e-08	1.1612500e+02
1.1437192e-08	1.1625000e+02
1.2052786e-08	1.1637500e+02
1.1743720e-08	1.1650000e+02
1.1442586e-08	1.1662500e+02
1.2063071e-08	1.1675000e+02
1.1754693e-08	1.1687500e+02
1.1454205e-08	1.1700000e+02
1.2079932e-08	1.1712500e+02
1.1772076e-08	1.1725000e+02
1.1472073e-08	1.1737500e+02
1.1179721e-08	1.1750000e+02
1.1795906e-08	1.1762500e+02
1.1496227e-08	1.1775000e+02
1.1204167e-08	1.1787500e+02
1.1826227e-08	1.1800000e+02
1.1526712e-08	1.1812500e+02
1.1234789e-08	1.1825000e+02
1.1863097e-08	1.1837500e+02
1.1563587e-08	1.1850000e+02
1.1271644e-08	1.1862500e+02
1.1906584e-08	1.1875000e+02
1.1606918e-08	1.1887500e+02
1.1314799e-08	1.1900000e+02
1.1030039e-08	1.1912500e+02
1.1656783e-08	1.1925000e+02
1.1364333e-08	1.1937500e+02
1.1079226e-08	1.1950000e+02
1.1713273e-08	1.1962500e+02
1.1420334e-08	1.1975000e+02
1.1134727e-08	1.1987500e+02
1.1776489e-08	1.2000000e+02
1.1482903e-08	1.2012500e+02
1.1196641e-08	1.2025000e+02
1.0917522e-08	1.2037500e+02
1.1552150e-08	1.2050000e+02
1.1265079e-08	1.2062500e+02
1.0985148e-08	1.2075000e+02
1.1628201e-08	1.2087500e+02
1.1340163e-08	1.2100000e+02
1.1059266e-08	1.2112500e+02
1.0785332e-08	1.2125000e+02
1.1422027e-08	1.2137500e+02
1.1140009e-08	1.2150000e+02
1.0864961e-08	1.2162500e+02
1.1510816e-08	1.2175000e+02
1.1227522e-08	1.2187500e+02
1.0951205e-08	1.2200000e+02
1.0681694e-08	1.2212500e+02
1.1321960e-08	1.2225000e+02
1.1044220e-08	1.2237500e+02
1.0773298e-08	1.2250000e+02
1.1423493e-08	1.2262500e+02
1.1144172e-08	1.2275000e+02
1.0871686e-08	1.2287500e+02
1.0605868e-08	1.2300000e+02
1.1251242e-08	1.2312500e+02
1.0977035e-08	1.2325000e+02
1.0709515e-08	1.2337500e+02
1.1365624e-08	1.2350000e+02
1.1089535e-08	1.2362500e+02
1.0820158e-08	1.2375000e+02
1.0557330e-08	1.2387500e+02
1.1209393e-08	1.2400000e+02
1.0937999e-08	1.2412500e+02
1.0673181e-08	1.2425000e+02
1.0414780e-08	1.2437500e+02
1.1063254e-08	1.2450000e+02
1.0796287e-08	1.2462500e+02
1.0535767e-08	1.2475000e+02
1.1196155e-08	1.2487500e+02
