10 0
9.99998 0.0158114
9.99993 0.0316227
9.99984 0.0474339
9.99972 0.063245
9.99956 0.0790558
9.99936 0.0948663
9.99913 0.110677
9.99887 0.126486
9.99857 0.142296
9.99823 0.158105
9.99786 0.173913
9.99745 0.189721
9.99701 0.205528
9.99653 0.221334
9.99602 0.237139
9.99547 0.252944
9.99489 0.268748
9.99427 0.284551
9.99362 0.300352
9.99293 0.316153
9.9922 0.331953
9.99144 0.347751
9.99065 0.363549
9.98982 0.379344
9.98895 0.395139
9.98805 0.410932
9.98711 0.426724
9.98614 0.442514
9.98513 0.458303
9.98409 0.47409
9.98301 0.489875
9.98189 0.505659
9.98074 0.521441
9.97956 0.537221
9.97834 0.552999
9.97708 0.568775
9.97579 0.584549
9.97446 0.600321
9.9731 0.616091
9.9717 0.631858
9.97027 0.647624
9.9688 0.663387
9.9673 0.679148
9.96576 0.694906
9.96418 0.710662
9.96257 0.726415
9.96093 0.742166
9.95924 0.757914
9.95753 0.77366
9.95578 0.789402
9.95399 0.805142
9.95216 0.820879
9.9503 0.836613
9.94841 0.852344
9.94648 0.868072
9.94451 0.883797
9.94251 0.899519
9.94048 0.915237
9.9384 0.930953
9.9363 0.946665
9.93415 0.962373
9.93197 0.978078
9.92976 0.99378
9.92751 1.00948
9.92522 1.02517
9.9229 1.04086
9.92055 1.05655
9.91815 1.07223
9.91573 1.08791
9.91326 1.10359
9.91076 1.11926
9.90823 1.13493
9.90566 1.15059
9.90305 1.16625
9.90041 1.1819
9.89773 1.19756
9.89502 1.2132
9.89227 1.22884
9.88948 1.24448
9.88666 1.26011
9.88381 1.27574
9.88091 1.29137
9.87799 1.30699
9.87502 1.3226
9.87202 1.33821
9.86899 1.35382
9.86592 1.36942
9.86281 1.38501
9.85967 1.4006
9.85649 1.41619
9.85327 1.43177
9.85002 1.44734
9.84674 1.46291
9.84342 1.47847
9.84006 1.49403
9.83666 1.50958
9.83324 1.52513
9.82977 1.54067
9.82627 1.55621
9.82273 1.57174
9.81916 1.58727
9.81555 1.60279
9.8119 1.6183
9.80822 1.63381
9.80451 1.64931
9.80075 1.6648
9.79696 1.68029
9.79314 1.69578
9.78928 1.71125
9.78538 1.72672
9.78145 1.74219
9.77748 1.75764
9.77347 1.7731
9.76943 1.78854
9.76535 1.80398
9.76124 1.81941
9.75709 1.83483
9.7529 1.85025
9.74868 1.86566
9.74442 1.88107
9.74012 1.89646
9.73579 1.91185
9.73143 1.92724
9.72702 1.94261
9.72258 1.95798
9.71811 1.97334
9.71359 1.98869
9.70904 2.00404
9.70446 2.01938
9.69984 2.03471
9.69518 2.05003
9.69048 2.06535
9.68575 2.08066
9.68099 2.09596
9.67618 2.11125
9.67134 2.12654
9.66647 2.14181
9.66155 2.15708
9.6566 2.17234
9.65162 2.18759
9.6466 2.20284
9.64154 2.21807
9.63644 2.2333
9.63131 2.24852
9.62614 2.26373
9.62093 2.27893
9.61569 2.29412
9.61041 2.30931
9.6051 2.32448
9.59975 2.33965
9.59436 2.3548
9.58893 2.36995
9.58347 2.38509
9.57797 2.40022
9.57243 2.41534
9.56686 2.43045
9.56125 2.44556
9.5556 2.46065
9.54992 2.47573
9.5442 2.4908
9.53844 2.50587
9.53265 2.52092
9.52682 2.53597
9.52095 2.551
9.51505 2.56603
9.5091 2.58104
9.50312 2.59605
9.49711 2.61104
9.49105 2.62603
9.48496 2.641
9.47884 2.65596
9.47267 2.67092
9.46647 2.68586
9.46023 2.70079
9.45396 2.71571
9.44764 2.73063
9.44129 2.74553
9.4349 2.76041
9.42848 2.77529
9.42202 2.79016
9.41552 2.80502
9.40898 2.81986
9.4024 2.8347
9.39579 2.84952
9.38914 2.86433
9.38246 2.87913
9.37573 2.89392
9.36897 2.9087
9.36217 2.92346
9.35533 2.93822
9.34846 2.95296
9.34155 2.96769
9.3346 2.98241
9.32761 2.99711
9.32058 3.01181
9.31352 3.02649
9.30642 3.04116
9.29928 3.05581
9.29211 3.07046
9.28489 3.08509
9.27764 3.09971
9.27035 3.11432
9.26302 3.12891
9.25566 3.14349
9.24826 3.15806
9.24081 3.17262
9.23333 3.18716
9.22582 3.20169
9.21826 3.21621
9.21067 3.23071
9.20304 3.2452
9.19537 3.25967
9.18766 3.27414
9.17991 3.28859
9.17213 3.30302
9.16431 3.31744
9.15645 3.33185
9.14855 3.34624
9.14061 3.36062
9.13263 3.37499
9.12462 3.38934
9.11657 3.40368
9.10848 3.418
9.10035 3.43231
9.09218 3.4466
9.08397 3.46088
9.07573 3.47515
9.06744 3.4894
9.05912 3.50363
9.05076 3.51785
9.04236 3.53206
9.03392 3.54624
9.02544 3.56042
9.01693 3.57458
9.00837 3.58872
8.99978 3.60285
8.99115 3.61696
8.98247 3.63106
8.97376 3.64514
8.96501 3.65921
8.95623 3.67326
8.9474 3.68729
8.93853 3.70131
8.92963 3.71531
8.92068 3.72929
8.9117 3.74326
8.90267 3.75722
8.89361 3.77115
8.88451 3.78507
8.87537 3.79897
8.86619 3.81286
8.85697 3.82673
8.84771 3.84058
8.83841 3.85441
8.82907 3.86823
8.8197 3.88203
8.81028 3.89581
8.80082 3.90958
8.79132 3.92332
8.78179 3.93705
8.77221 3.95076
8.7626 3.96446
8.75294 3.97813
8.74325 3.99179
8.73351 4.00543
8.72374 4.01905
8.71392 4.03265
8.70407 4.04624
8.69417 4.0598
8.68424 4.07335
8.67426 4.08688
8.66425 4.10039
8.65419 4.11388
8.64409 4.12735
8.63396 4.1408
8.62378 4.15423
8.61357 4.16765
8.60331 4.18104
8.59301 4.19442
8.58267 4.20777
8.5723 4.2211
8.56188 4.23442
8.55142 4.24771
8.54092 4.26099
8.53038 4.27424
8.5198 4.28747
8.50918 4.30069
8.49851 4.31388
8.48781 4.32705
8.47706 4.3402
8.46628 4.35333
8.45545 4.36644
8.44459 4.37953
8.43368 4.3926
8.42273 4.40564
8.41174 4.41866
8.40071 4.43167
8.38963 4.44465
8.37852 4.4576
8.36736 4.47054
8.35617 4.48346
8.34493 4.49635
8.33365 4.50922
8.32233 4.52206
8.31097 4.53489
8.29956 4.54769
8.28812 4.56047
8.27663 4.57323
8.2651 4.58596
8.25353 4.59867
8.24192 4.61136
8.23026 4.62402
8.21857 4.63666
8.20683 4.64928
8.19505 4.66187
8.18323 4.67444
8.17136 4.68698
8.15946 4.6995
8.14751 4.712
8.13552 4.72447
8.12348 4.73692
8.11141 4.74934
8.09929 4.76174
8.08713 4.77411
8.07493 4.78646
8.06268 4.79878
8.05039 4.81108
8.03806 4.82335
8.02569 4.83559
8.01327 4.84781
8.00081 4.86001
7.98831 4.87218
7.97577 4.88432
7.96318 4.89644
7.95055 4.90852
7.93788 4.92059
7.92516 4.93262
7.9124 4.94463
7.8996 4.95661
7.88675 4.96857
7.87386 4.9805
7.86093 4.9924
7.84795 5.00427
7.83493 5.01612
7.82187 5.02793
7.80876 5.03972
7.79561 5.05148
7.78242 5.06321
7.76918 5.07492
7.7559 5.08659
7.74257 5.09824
7.7292 5.10986
7.71579 5.12145
7.70233 5.13301
7.68883 5.14454
7.67528 5.15604
7.66169 5.16751
7.64806 5.17895
7.63438 5.19036
7.62065 5.20174
7.60688 5.21309
7.59307 5.22441
7.57922 5.2357
7.56531 5.24696
7.55137 5.25818
7.53738 5.26938
7.52334 5.28055
7.50926 5.29168
7.49513 5.30278
7.48096 5.31385
7.46675 5.32489
7.45249 5.33589
7.43818 5.34687
7.42383 5.35781
7.40943 5.36871
7.39499 5.37959
7.3805 5.39043
7.36597 5.40124
7.35139 5.41201
7.33676 5.42276
7.32209 5.43346
7.30738 5.44414
7.29262 5.45478
7.27781 5.46538
7.26295 5.47595
7.24805 5.48649
7.23311 5.49699
7.21812 5.50746
7.20308 5.51789
7.18799 5.52828
7.17286 5.53864
7.15768 5.54897
7.14246 5.55925
7.12719 5.5695
7.11187 5.57972
7.09651 5.5899
7.0811 5.60004
7.06564 5.61014
7.05013 5.62021
7.03458 5.63024
7.01898 5.64023
7.00334 5.65019
6.98764 5.6601
6.9719 5.66998
6.95611 5.67982
6.94028 5.68962
6.9244 5.69938
6.90847 5.7091
6.89249 5.71878
6.87646 5.72843
6.86039 5.73803
6.84427 5.74759
6.8281 5.75712
6.81188 5.7666
6.79561 5.77604
6.7793 5.78544
6.76294 5.7948
6.74652 5.80412
6.73006 5.81339
6.71356 5.82263
6.697 5.83182
6.6804 5.84097
6.66374 5.85008
6.64704 5.85914
6.63029 5.86816
6.61349 5.87714
6.59664 5.88607
6.57974 5.89496
6.56279 5.90381
6.54579 5.91261
6.52875 5.92137
6.51165 5.93008
6.49451 5.93875
6.47731 5.94737
6.46007 5.95595
6.44277 5.96448
6.42543 5.97296
6.40803 5.9814
6.39059 5.98979
6.37309 5.99814
6.35555 6.00643
6.33795 6.01468
6.32031 6.02288
6.30261 6.03104
6.28486 6.03914
6.26706 6.0472
6.24922 6.0552
6.23132 6.06316
6.21337 6.07107
6.19537 6.07893
6.17731 6.08674
6.15921 6.0945
6.14106 6.1022
6.12285 6.10986
6.10459 6.11746
6.08628 6.12502
6.06792 6.13252
6.04951 6.13997
6.03105 6.14736
6.01253 6.15471
5.99396 6.162
5.97534 6.16924
5.95667 6.17642
5.93795 6.18355
5.91917 6.19062
5.90034 6.19764
5.88146 6.20461
5.86253 6.21151
5.84354 6.21837
5.8245 6.22516
5.80541 6.2319
5.78626 6.23859
5.76706 6.24521
5.74781 6.25178
5.7285 6.25829
5.70914 6.26474
5.68973 6.27114
5.67027 6.27747
5.65075 6.28375
5.63117 6.28996
5.61155 6.29612
5.59186 6.30221
5.57213 6.30824
5.55234 6.31422
5.5325 6.32013
5.5126 6.32597
5.49265 6.33176
5.47264 6.33748
5.45258 6.34314
5.43246 6.34874
5.41229 6.35427
5.39206 6.35974
5.37178 6.36514
5.35144 6.37047
5.33105 6.37574
5.3106 6.38095
5.2901 6.38609
5.26954 6.39116
5.24893 6.39616
5.22826 6.4011
5.20753 6.40596
5.18675 6.41076
5.16591 6.41549
5.14502 6.42015
5.12407 6.42474
5.10306 6.42926
5.082 6.4337
5.06088 6.43808
5.0397 6.44238
5.01847 6.44661
4.99718 6.45077
4.97583 6.45485
4.95442 6.45886
4.93296 6.46279
4.91144 6.46665
4.88987 6.47044
4.86823 6.47414
4.84654 6.47778
4.82479 6.48133
4.80298 6.4848
4.78112 6.4882
4.75919 6.49152
4.73721 6.49476
4.71517 6.49792
4.69307 6.501
4.67091 6.504
4.6487 6.50691
4.62642 6.50975
4.60409 6.5125
4.5817 6.51517
4.55925 6.51775
4.53673 6.52025
4.51416 6.52266
4.49154 6.52499
4.46885 6.52723
4.4461 6.52939
4.42329 6.53145
4.40042 6.53343
4.37749 6.53532
4.35451 6.53712
4.33146 6.53883
4.30835 6.54045
4.28518 6.54198
4.26195 6.54342
4.23866 6.54476
4.21531 6.54601
4.1919 6.54716
4.16843 6.54822
4.1449 6.54918
4.12131 6.55005
4.09765 6.55082
4.07393 6.55149
4.05016 6.55207
4.02632 6.55254
4.00242 6.55292
3.97846 6.55319
3.95443 6.55336
3.93035 6.55343
3.9062 6.55339
3.88199 6.55326
3.85772 6.55301
3.83338 6.55266
3.80899 6.55221
3.78453 6.55164
3.76001 6.55097
3.73542 6.55019
3.71078 6.5493
3.68607 6.5483
3.6613 6.54719
3.63646 6.54596
3.61156 6.54462
3.5866 6.54317
3.56158 6.5416
3.53649 6.53992
3.51134 6.53812
3.48612 6.5362
3.46085 6.53416
3.4355 6.532
3.4101 6.52972
3.38463 6.52732
3.3591 6.52479
3.3335 6.52214
3.30784 6.51937
3.28212 6.51646
3.25633 6.51344
3.23047 6.51028
3.20456 6.50699
3.17857 6.50358
3.15253 6.50003
3.12642 6.49635
3.10024 6.49253
3.074 6.48858
3.0477 6.4845
3.02133 6.48028
2.9949 6.47591
2.9684 6.47141
2.94184 6.46677
2.91521 6.46198
2.88852 6.45706
2.86177 6.45198
2.83495 6.44676
2.80806 6.4414
2.78111 6.43588
2.75409 6.43022
2.72701 6.4244
2.69987 6.41843
2.67266 6.41231
2.64538 6.40603
2.61804 6.39959
2.59064 6.393
2.56317 6.38625
2.53564 6.37933
2.50804 6.37225
2.48037 6.36501
2.45265 6.3576
2.42485 6.35003
2.397 6.34228
2.36908 6.33437
2.34109 6.32628
2.31304 6.31802
2.28493 6.30959
2.25675 6.30097
2.22851 6.29218
2.2002 6.28321
2.17183 6.27405
2.1434 6.26471
2.1149 6.25519
2.08634 6.24548
2.05771 6.23558
2.02903 6.22548
2.00028 6.2152
1.97146 6.20471
1.94259 6.19403
1.91365 6.18316
1.88465 6.17208
1.85558 6.16079
1.82646 6.14931
1.79727 6.13761
1.76803 6.12571
1.73872 6.11359
1.70935 6.10126
1.67992 6.08872
1.65043 6.07596
1.62088 6.06297
1.59127 6.04977
1.5616 6.03633
1.53188 6.02268
1.50209 6.00879
1.47225 5.99467
1.44235 5.98031
1.41239 5.96572
1.38237 5.95089
1.3523 5.93582
1.32218 5.9205
1.29199 5.90493
1.26176 5.88912
1.23147 5.87305
1.20112 5.85672
1.17072 5.84014
1.14027 5.8233
1.10977 5.80619
1.07922 5.78882
1.04862 5.77117
1.01796 5.75326
0.987264 5.73506
0.956515 5.71659
0.925718 5.69784
0.894875 5.6788
0.863987 5.65947
0.833055 5.63985
0.802078 5.61994
0.771059 5.59973
0.739999 5.57922
0.708898 5.5584
0.677758 5.53727
0.64658 5.51583
0.615365 5.49408
0.584114 5.472
0.552828 5.44961
0.521509 5.42688
0.490159 5.40383
0.458778 5.38044
0.427369 5.35672
0.395932 5.33265
0.36447 5.30824
0.332983 5.28347
0.301474 5.25836
0.269945 5.23288
0.238397 5.20704
0.206832 5.18084
0.175253 5.15426
0.143661 5.12731
0.112058 5.09998
0.0804463 5.07227
0.0488288 5.04417
0.0172074 5.01567
-0.0144152 4.98678
-0.0460367 4.95749
-0.0776544 4.92778
-0.109266 4.89767
-0.140868 4.86714
-0.172457 4.83619
-0.204032 4.80482
-0.235588 4.77301
-0.267123 4.74077
-0.298633 4.70808
-0.330114 4.67495
-0.361564 4.64137
-0.392978 4.60734
-0.424353 4.57284
-0.455685 4.53788
-0.486969 4.50244
-0.518202 4.46653
-0.549379 4.43014
-0.580495 4.39326
-0.611546 4.35589
-0.642528 4.31802
-0.673435 4.27965
-0.704262 4.24077
-0.735003 4.20138
-0.765654 4.16147
-0.796209 4.12103
-0.826661 4.08007
-0.857006 4.03857
-0.887236 3.99654
-0.917345 3.95396
-0.947327 3.91083
-0.977175 3.86715
-1.00688 3.82291
-1.03644 3.77811
-1.06584 3.73274
-1.09508 3.6868
-1.12415 3.64028
-1.15304 3.59318
-1.18174 3.5455
-1.21024 3.49722
-1.23854 3.44836
-1.26663 3.3989
-1.29449 3.34883
-1.32212 3.29817
-1.34951 3.2469
-1.37664 3.19503
-1.40351 3.14254
-1.43011 3.08944
-1.45643 3.03573
-1.48244 2.9814
-1.50816 2.92646
-1.53355 2.8709
-1.55862 2.81473
-1.58334 2.75794
-1.60771 2.70053
-1.63172 2.64251
-1.65535 2.58388
-1.67858 2.52464
-1.70142 2.46479
-1.72384 2.40434
-1.74583 2.34329
-1.76737 2.28165
-1.78846 2.21942
-1.80908 2.1566
-1.82922 2.09321
-1.84886 2.02925
-1.86799 1.96473
-1.8866 1.89967
-1.90467 1.83406
-1.92219 1.76792
-1.93915 1.70126
-1.95553 1.6341
-1.97132 1.56644
-1.9865 1.49831
-2.00107 1.42971
-2.01502 1.36066
-2.02832 1.29118
-2.04097 1.22128
-2.05296 1.15099
-2.06428 1.08032
-2.07491 1.00929
-2.08485 0.93793
-2.09408 0.866248
-2.1026 0.794271
-2.1104 0.722022
-2.11747 0.649524
-2.1238 0.5768
-2.12939 0.503875
-2.13424 0.430772
-2.13833 0.357518
-2.14166 0.284137
-2.14423 0.210655
-2.14604 0.137098
-2.14709 0.0634919
-2.14737 -0.0101366
-2.14688 -0.0837615
-2.14562 -0.157357
-2.1436 -0.230895
-2.14082 -0.304352
-2.13728 -0.377701
-2.13298 -0.450916
-2.12793 -0.523972
-2.12213 -0.596845
-2.11559 -0.669509
-2.10832 -0.741941
-2.10032 -0.814117
-2.09161 -0.886015
-2.08218 -0.957611
-2.07205 -1.02889
-2.06123 -1.09982
-2.04973 -1.17038
-2.03756 -1.24057
-2.02472 -1.31035
-2.01124 -1.37971
-1.99712 -1.44864
-1.98238 -1.51711
-1.96703 -1.58512
-1.95107 -1.65264
-1.93453 -1.71966
-1.91742 -1.78618
-1.89975 -1.85217
-1.88153 -1.91764
-1.86277 -1.98255
-1.8435 -2.04692
-1.82372 -2.11072
-1.80345 -2.17395
-1.7827 -2.23661
-1.76148 -2.29868
-1.73981 -2.36016
-1.71771 -2.42105
-1.69517 -2.48133
-1.67223 -2.54101
-1.64888 -2.60009
-1.62515 -2.65855
-1.60104 -2.7164
-1.57657 -2.77364
-1.55175 -2.83026
-1.52659 -2.88626
-1.50111 -2.94165
-1.47531 -2.99642
-1.44921 -3.05058
-1.42282 -3.10412
-1.39614 -3.15705
-1.3692 -3.20937
-1.34199 -3.26108
-1.31454 -3.31218
-1.28684 -3.36268
-1.25892 -3.41257
-1.23077 -3.46187
-1.20242 -3.51057
-1.17386 -3.55868
-1.1451 -3.60621
-1.11616 -3.65315
-1.08705 -3.6995
-1.05776 -3.74529
-1.02832 -3.7905
-0.998717 -3.83515
-0.968971 -3.87923
-0.939085 -3.92276
-0.909067 -3.96574
-0.878924 -4.00817
-0.848662 -4.05005
-0.818287 -4.0914
-0.787806 -4.13222
-0.757224 -4.17251
-0.726548 -4.21227
-0.695782 -4.25152
-0.664933 -4.29026
-0.634005 -4.3285
-0.603004 -4.36623
-0.571934 -4.40346
-0.5408 -4.44021
-0.509608 -4.47647
-0.47836 -4.51225
-0.447063 -4.54755
-0.415719 -4.58238
-0.384333 -4.61675
-0.352908 -4.65066
-0.321449 -4.68412
-0.28996 -4.71712
-0.258443 -4.74969
-0.226902 -4.78181
-0.19534 -4.8135
-0.163761 -4.84476
-0.132168 -4.87559
-0.100563 -4.906
-0.0689495 -4.936
-0.0373305 -4.96559
-0.00570842 -4.99477
0.0259141 -5.02356
0.0575346 -5.05194
0.0891507 -5.07994
0.12076 -5.10755
0.15236 -5.13477
0.183949 -5.16162
0.215525 -5.18809
0.247085 -5.21419
0.278628 -5.23993
0.310152 -5.26531
0.341655 -5.29033
0.373135 -5.31499
0.40459 -5.33931
0.43602 -5.36328
0.467422 -5.38692
0.498794 -5.41021
0.530136 -5.43317
0.561445 -5.45581
0.592722 -5.47811
0.623963 -5.5001
0.655168 -5.52177
0.686336 -5.54312
0.717465 -5.56416
0.748555 -5.58489
0.779604 -5.60532
0.810611 -5.62545
0.841576 -5.64529
0.872496 -5.66482
0.903372 -5.68407
0.934202 -5.70303
0.964986 -5.72171
0.995722 -5.7401
1.02641 -5.75822
1.05705 -5.77606
1.08764 -5.79363
1.11818 -5.81093
1.14866 -5.82796
1.1791 -5.84473
1.20948 -5.86124
1.23981 -5.8775
1.27009 -5.8935
1.30031 -5.90924
1.33048 -5.92474
1.36059 -5.93999
1.39064 -5.955
1.42064 -5.96976
1.45059 -5.98429
1.48047 -5.99858
1.5103 -6.01264
1.54007 -6.02646
1.56978 -6.04006
1.59943 -6.05342
1.62902 -6.06657
1.65856 -6.07949
1.68803 -6.09219
1.71744 -6.10468
1.74679 -6.11695
1.77609 -6.12901
1.80532 -6.14085
1.83449 -6.15249
1.86359 -6.16392
1.89264 -6.17515
1.92162 -6.18617
1.95054 -6.19699
1.9794 -6.20762
2.0082 -6.21805
2.03693 -6.22828
2.0656 -6.23832
2.09421 -6.24817
2.12275 -6.25783
2.15123 -6.2673
2.17965 -6.27659
2.208 -6.2857
2.23629 -6.29462
2.26451 -6.30336
2.29267 -6.31193
2.32077 -6.32031
2.3488 -6.32853
2.37677 -6.33657
2.40467 -6.34443
2.43251 -6.35213
2.46029 -6.35966
2.488 -6.36702
2.51564 -6.37422
2.54322 -6.38125
2.57074 -6.38812
2.59819 -6.39483
2.62558 -6.40138
2.6529 -6.40777
2.68016 -6.41401
2.70735 -6.42009
2.73448 -6.42602
2.76154 -6.43179
2.78854 -6.43742
2.81547 -6.44289
2.84234 -6.44822
2.86914 -6.45339
2.89588 -6.45843
2.92255 -6.46332
2.94916 -6.46806
2.9757 -6.47267
3.00218 -6.47713
3.0286 -6.48145
3.05495 -6.48564
3.08124 -6.48969
3.10746 -6.4936
3.13361 -6.49738
3.15971 -6.50102
3.18573 -6.50453
3.2117 -6.50791
3.2376 -6.51116
3.26343 -6.51428
3.2892 -6.51728
3.31491 -6.52014
3.34055 -6.52288
3.36613 -6.5255
3.39165 -6.52799
3.4171 -6.53036
3.44249 -6.5326
3.46781 -6.53473
3.49307 -6.53674
3.51827 -6.53862
3.5434 -6.54039
3.56847 -6.54205
3.59348 -6.54358
3.61842 -6.545
3.64331 -6.54631
3.66812 -6.54751
3.69288 -6.54859
3.71757 -6.54956
3.7422 -6.55042
3.76677 -6.55117
3.79127 -6.55181
3.81571 -6.55234
3.84009 -6.55277
3.86441 -6.55309
3.88866 -6.5533
3.91285 -6.55341
3.93698 -6.55342
3.96105 -6.55332
3.98506 -6.55312
4.009 -6.55282
4.03289 -6.55242
4.05671 -6.55192
4.08047 -6.55132
4.10417 -6.55062
4.12781 -6.54982
4.15138 -6.54893
4.1749 -6.54794
4.19835 -6.54685
4.22175 -6.54567
4.24508 -6.5444
4.26835 -6.54303
4.29157 -6.54157
4.31472 -6.54002
4.33781 -6.53837
4.36084 -6.53664
4.38381 -6.53481
4.40672 -6.5329
4.42958 -6.53089
4.45237 -6.5288
4.4751 -6.52662
4.49777 -6.52436
4.52038 -6.52201
4.54294 -6.51957
4.56543 -6.51705
4.58787 -6.51444
4.61024 -6.51175
4.63256 -6.50897
4.65482 -6.50612
4.67702 -6.50318
4.69916 -6.50016
4.72124 -6.49706
4.74327 -6.49388
4.76523 -6.49062
4.78714 -6.48727
4.80899 -6.48386
4.83078 -6.48036
4.85252 -6.47678
4.87419 -6.47313
4.89581 -6.4694
4.91737 -6.4656
4.93888 -6.46172
4.96032 -6.45776
4.98171 -6.45373
5.00304 -6.44963
5.02432 -6.44545
5.04554 -6.4412
5.0667 -6.43688
5.0878 -6.43248
5.10885 -6.42802
5.12984 -6.42348
5.15078 -6.41887
5.17166 -6.4142
5.19248 -6.40945
5.21324 -6.40463
5.23395 -6.39974
5.25461 -6.39479
5.27521 -6.38977
5.29575 -6.38468
5.31624 -6.37952
5.33667 -6.3743
5.35705 -6.36901
5.37737 -6.36366
5.39764 -6.35824
5.41785 -6.35275
5.438 -6.3472
5.45811 -6.34159
5.47815 -6.33591
5.49814 -6.33017
5.51808 -6.32437
5.53797 -6.3185
5.55779 -6.31258
5.57757 -6.30659
5.59729 -6.30054
5.61696 -6.29443
5.63657 -6.28826
5.65613 -6.28202
5.67563 -6.27573
5.69508 -6.26938
5.71448 -6.26297
5.73382 -6.2565
5.75311 -6.24998
5.77235 -6.24339
5.79154 -6.23675
5.81067 -6.23005
5.82975 -6.2233
5.84877 -6.21649
5.86774 -6.20962
5.88666 -6.20269
5.90553 -6.19571
5.92435 -6.18868
5.94311 -6.18159
5.96182 -6.17445
5.98048 -6.16725
5.99908 -6.16
6.01764 -6.15269
6.03614 -6.14533
6.05459 -6.13792
6.07298 -6.13046
6.09133 -6.12294
6.10963 -6.11538
6.12787 -6.10776
6.14606 -6.10009
6.1642 -6.09236
6.18229 -6.08459
6.20033 -6.07677
6.21831 -6.0689
6.23625 -6.06098
6.25414 -6.053
6.27197 -6.04498
6.28975 -6.03691
6.30749 -6.0288
6.32517 -6.02063
6.3428 -6.01241
6.36038 -6.00415
6.37791 -5.99584
6.39539 -5.98749
6.41283 -5.97908
6.43021 -5.97063
6.44754 -5.96213
6.46482 -5.95359
6.48205 -5.945
6.49923 -5.93637
6.51636 -5.92769
6.53345 -5.91896
6.55048 -5.91019
6.56746 -5.90138
6.5844 -5.89252
6.60128 -5.88362
6.61812 -5.87467
6.63491 -5.86568
6.65164 -5.85665
6.66833 -5.84757
6.68497 -5.83845
6.70156 -5.82929
6.71811 -5.82009
6.7346 -5.81084
6.75105 -5.80156
6.76744 -5.79223
6.78379 -5.78286
6.8001 -5.77344
6.81635 -5.76399
6.83255 -5.7545
6.84871 -5.74496
6.86482 -5.73539
6.88088 -5.72578
6.89689 -5.71612
6.91286 -5.70643
6.92877 -5.6967
6.94464 -5.68692
6.96047 -5.67711
6.97624 -5.66726
6.99197 -5.65737
7.00765 -5.64745
7.02328 -5.63748
7.03887 -5.62748
7.05441 -5.61744
7.0699 -5.60736
7.08534 -5.59725
7.10074 -5.5871
7.11609 -5.57691
7.1314 -5.56669
7.14666 -5.55642
7.16187 -5.54613
7.17703 -5.53579
7.19215 -5.52542
7.20722 -5.51502
7.22225 -5.50458
7.23723 -5.4941
7.25216 -5.48359
7.26705 -5.47305
7.28189 -5.46247
7.29668 -5.45185
7.31143 -5.4412
7.32614 -5.43052
7.34079 -5.4198
7.35541 -5.40905
7.36997 -5.39827
7.38449 -5.38745
7.39897 -5.3766
7.4134 -5.36571
7.42778 -5.3548
7.44212 -5.34385
7.45642 -5.33287
7.47066 -5.32185
7.48487 -5.3108
7.49903 -5.29973
7.51314 -5.28862
7.52721 -5.27747
7.54123 -5.2663
7.55521 -5.2551
7.56915 -5.24386
7.58304 -5.23259
7.59688 -5.2213
7.61068 -5.20997
7.62444 -5.19861
7.63815 -5.18722
7.65181 -5.1758
7.66544 -5.16435
7.67901 -5.15287
7.69255 -5.14136
7.70604 -5.12983
7.71948 -5.11826
7.73289 -5.10666
7.74624 -5.09504
7.75956 -5.08338
7.77283 -5.0717
7.78605 -5.05999
7.79924 -5.04825
7.81237 -5.03648
7.82547 -5.02468
7.83852 -5.01286
7.85153 -5.001
7.86449 -4.98912
7.87741 -4.97722
7.89029 -4.96528
7.90313 -4.95332
7.91592 -4.94133
7.92867 -4.92931
7.94137 -4.91727
7.95403 -4.9052
7.96665 -4.8931
7.97923 -4.88098
7.99176 -4.86883
8.00425 -4.85665
8.0167 -4.84445
8.0291 -4.83223
8.04146 -4.81997
8.05378 -4.80769
8.06606 -4.79539
8.07829 -4.78306
8.09048 -4.77071
8.10263 -4.75833
8.11474 -4.74592
8.1268 -4.73349
8.13882 -4.72104
8.1508 -4.70856
8.16274 -4.69606
8.17463 -4.68353
8.18649 -4.67098
8.1983 -4.65841
8.21007 -4.64581
8.22179 -4.63318
8.23348 -4.62054
8.24512 -4.60787
8.25672 -4.59517
8.26828 -4.58246
8.2798 -4.56972
8.29127 -4.55695
8.30271 -4.54417
8.3141 -4.53136
8.32545 -4.51853
8.33676 -4.50568
8.34803 -4.4928
8.35926 -4.4799
8.37044 -4.46698
8.38158 -4.45404
8.39269 -4.44107
8.40375 -4.42809
8.41477 -4.41508
8.42575 -4.40205
8.43669 -4.389
8.44758 -4.37593
8.45844 -4.36283
8.46925 -4.34972
8.48003 -4.33658
8.49076 -4.32343
8.50145 -4.31025
8.5121 -4.29705
8.52271 -4.28383
8.53328 -4.27059
8.54381 -4.25733
8.5543 -4.24405
8.56475 -4.23075
8.57516 -4.21743
8.58552 -4.20409
8.59585 -4.19073
8.60614 -4.17736
8.61638 -4.16396
8.62659 -4.15054
8.63675 -4.1371
8.64688 -4.12364
8.65696 -4.11017
8.66701 -4.09667
8.67701 -4.08316
8.68698 -4.06962
8.6969 -4.05607
8.70678 -4.0425
8.71663 -4.02891
8.72643 -4.0153
8.7362 -4.00168
8.74592 -3.98803
8.7556 -3.97437
8.76525 -3.96069
8.77485 -3.94699
8.78442 -3.93327
8.79394 -3.91954
8.80343 -3.90579
8.81287 -3.89202
8.82228 -3.87823
8.83165 -3.86443
8.84098 -3.8506
8.85026 -3.83677
8.85951 -3.82291
8.86872 -3.80904
8.87789 -3.79515
8.88702 -3.78124
8.89611 -3.76732
8.90516 -3.75338
8.91418 -3.73942
8.92315 -3.72545
8.93208 -3.71146
8.94098 -3.69745
8.94983 -3.68343
8.95865 -3.66939
8.96743 -3.65534
8.97617 -3.64127
8.98487 -3.62718
8.99353 -3.61308
9.00215 -3.59896
9.01073 -3.58483
9.01928 -3.57068
9.02778 -3.55652
9.03625 -3.54234
9.04468 -3.52815
9.05306 -3.51394
9.06142 -3.49971
9.06973 -3.48547
9.078 -3.47122
9.08623 -3.45695
9.09443 -3.44267
9.10259 -3.42837
9.11071 -3.41406
9.11879 -3.39973
9.12683 -3.38539
9.13483 -3.37103
9.1428 -3.35667
9.15073 -3.34228
9.15861 -3.32788
9.16646 -3.31347
9.17428 -3.29905
9.18205 -3.28461
9.18979 -3.27016
9.19748 -3.25569
9.20514 -3.24121
9.21276 -3.22672
9.22035 -3.21221
9.22789 -3.19769
9.2354 -3.18316
9.24287 -3.16861
9.2503 -3.15405
9.25769 -3.13948
9.26505 -3.12489
9.27236 -3.1103
9.27964 -3.09569
9.28688 -3.08106
9.29409 -3.06643
9.30125 -3.05178
9.30838 -3.03712
9.31547 -3.02245
9.32252 -3.00776
9.32954 -2.99306
9.33651 -2.97835
9.34345 -2.96363
9.35036 -2.9489
9.35722 -2.93416
9.36405 -2.9194
9.37084 -2.90463
9.37759 -2.88985
9.3843 -2.87506
9.39098 -2.86025
9.39762 -2.84544
9.40422 -2.83061
9.41078 -2.81578
9.41731 -2.80093
9.4238 -2.78607
9.43025 -2.7712
9.43667 -2.75632
9.44304 -2.74142
9.44938 -2.72652
9.45569 -2.71161
9.46195 -2.69668
9.46818 -2.68175
9.47437 -2.6668
9.48053 -2.65184
9.48665 -2.63688
9.49273 -2.6219
9.49877 -2.60691
9.50477 -2.59192
9.51074 -2.57691
9.51667 -2.56189
9.52257 -2.54686
9.52843 -2.53183
9.53425 -2.51678
9.54003 -2.50172
9.54578 -2.48666
9.55149 -2.47158
9.55716 -2.45649
9.5628 -2.4414
9.5684 -2.42629
9.57396 -2.41118
9.57949 -2.39606
9.58498 -2.38092
9.59043 -2.36578
9.59584 -2.35063
9.60122 -2.33547
9.60656 -2.3203
9.61187 -2.30513
9.61714 -2.28994
9.62237 -2.27474
9.62757 -2.25954
9.63273 -2.24433
9.63785 -2.22911
9.64293 -2.21388
9.64798 -2.19864
9.65299 -2.18339
9.65797 -2.16814
9.66291 -2.15288
9.66781 -2.13761
9.67268 -2.12233
9.67751 -2.10704
9.6823 -2.09175
9.68706 -2.07644
9.69178 -2.06113
9.69647 -2.04582
9.70111 -2.03049
9.70572 -2.01516
9.7103 -1.99982
9.71484 -1.98447
9.71934 -1.96911
9.72381 -1.95375
9.72824 -1.93838
9.73263 -1.923
9.73699 -1.90762
9.74131 -1.89222
9.7456 -1.87683
9.74984 -1.86142
9.75406 -1.84601
9.75823 -1.83059
9.76237 -1.81516
9.76648 -1.79973
9.77055 -1.78429
9.77458 -1.76884
9.77857 -1.75339
9.78253 -1.73793
9.78646 -1.72246
9.79034 -1.70699
9.79419 -1.69151
9.79801 -1.67603
9.80179 -1.66054
9.80553 -1.64504
9.80924 -1.62954
9.81291 -1.61403
9.81655 -1.59851
9.82015 -1.58299
9.82371 -1.56747
9.82724 -1.55193
9.83073 -1.5364
9.83418 -1.52085
9.8376 -1.5053
9.84099 -1.48975
9.84433 -1.47419
9.84765 -1.45862
9.85092 -1.44305
9.85416 -1.42748
9.85737 -1.4119
9.86054 -1.39631
9.86367 -1.38072
9.86677 -1.36512
9.86983 -1.34952
9.87285 -1.33391
9.87584 -1.3183
9.8788 -1.30269
9.88171 -1.28707
9.8846 -1.27144
9.88744 -1.25581
9.89025 -1.24018
9.89303 -1.22454
9.89577 -1.20889
9.89847 -1.19325
9.90114 -1.17759
9.90377 -1.16194
9.90637 -1.14628
9.90893 -1.13061
9.91145 -1.11495
9.91394 -1.09927
9.9164 -1.0836
9.91882 -1.06792
9.9212 -1.05223
9.92355 -1.03654
9.92586 -1.02085
9.92813 -1.00516
9.93037 -0.989457
9.93258 -0.973755
9.93475 -0.958048
9.93688 -0.942339
9.93898 -0.926626
9.94104 -0.91091
9.94307 -0.895191
9.94506 -0.879468
9.94702 -0.863742
9.94894 -0.848013
9.95082 -0.832281
9.95267 -0.816547
9.95448 -0.800809
9.95626 -0.785068
9.958 -0.769325
9.95971 -0.753579
9.96138 -0.73783
9.96302 -0.722078
9.96462 -0.706324
9.96619 -0.690568
9.96771 -0.674809
9.96921 -0.659047
9.97067 -0.643283
9.97209 -0.627517
9.97348 -0.611749
9.97483 -0.595979
9.97615 -0.580206
9.97743 -0.564431
9.97868 -0.548655
9.97989 -0.532876
9.98106 -0.517096
9.9822 -0.501313
9.98331 -0.485529
9.98438 -0.469743
9.98541 -0.453956
9.98641 -0.438167
9.98737 -0.422376
9.9883 -0.406584
9.98919 -0.39079
9.99005 -0.374995
9.99087 -0.359199
9.99166 -0.343402
9.99241 -0.327603
9.99312 -0.311803
9.9938 -0.296002
9.99445 -0.2802
9.99505 -0.264397
9.99563 -0.248593
9.99617 -0.232788
9.99667 -0.216982
9.99714 -0.201175
9.99757 -0.185368
9.99797 -0.16956
9.99833 -0.153752
9.99865 -0.137943
9.99895 -0.122133
9.9992 -0.106323
9.99942 -0.0905132
9.99961 -0.0747026
9.99975 -0.0588917
9.99987 -0.0430806
9.99995 -0.0272693
9.99999 -0.011458
10 0.00435339
9.99997 0.0201648
9.99991 0.0359761
9.99981 0.0517872
9.99968 0.0675982
9.99951 0.083409
9.9993 0.0992194
9.99906 0.11503
9.99879 0.130839
9.99848 0.146648
9.99813 0.162457
9.99775 0.178265
9.99734 0.194073
9.99688 0.20988
9.9964 0.225686
9.99587 0.241491
9.99532 0.257295
9.99472 0.273099
9.9941 0.288901
9.99343 0.304703
9.99273 0.320503
9.992 0.336303
9.99123 0.352101
9.99042 0.367898
9.98958 0.383693
9.9887 0.399488
9.98779 0.41528
9.98685 0.431072
9.98586 0.446861
9.98485 0.46265
9.98379 0.478436
9.9827 0.494221
9.98158 0.510004
9.98042 0.525786
9.97923 0.541565
9.978 0.557343
9.97673 0.573118
9.97543 0.588892
9.97409 0.604663
9.97272 0.620432
9.97131 0.636199
9.96987 0.651964
9.96839 0.667727
9.96688 0.683487
9.96533 0.699244
9.96374 0.715
9.96212 0.730752
9.96047 0.746502
9.95878 0.76225
9.95705 0.777994
9.95529 0.793736
9.95349 0.809475
9.95166 0.825212
9.94979 0.840945
9.94788 0.856675
9.94594 0.872402
9.94397 0.888126
9.94196 0.903847
9.93991 0.919565
9.93783 0.935279
9.93571 0.95099
9.93356 0.966698
9.93137 0.982402
9.92914 0.998102
9.92688 1.0138
9.92459 1.02949
9.92226 1.04518
9.91989 1.06087
9.91749 1.07655
9.91505 1.09223
9.91258 1.1079
9.91007 1.12357
9.90752 1.13924
9.90494 1.1549
9.90233 1.17056
9.89967 1.18621
9.89699 1.20186
9.89426 1.21751
9.8915 1.23315
9.88871 1.24879
9.88588 1.26442
9.88301 1.28005
9.88011 1.29567
9.87717 1.31129
9.8742 1.3269
9.87119 1.34251
9.86815 1.35811
9.86506 1.37371
9.86195 1.3893
9.8588 1.40489
9.85561 1.42048
9.85238 1.43605
9.84912 1.45163
9.84583 1.4672
9.8425 1.48276
9.83913 1.49831
9.83572 1.51387
9.83228 1.52941
9.82881 1.54495
9.8253 1.56049
9.82175 1.57602
9.81817 1.59154
9.81455 1.60706
9.81089 1.62257
9.8072 1.63808
9.80348 1.65357
9.79971 1.66907
9.79591 1.68456
9.79208 1.70004
9.78821 1.71551
9.7843 1.73098
9.78036 1.74644
9.77638 1.7619
9.77236 1.77735
9.76831 1.79279
9.76422 1.80823
9.7601 1.82366
9.75594 1.83908
9.75174 1.8545
9.74751 1.8699
9.74324 1.88531
9.73894 1.9007
9.73459 1.91609
9.73022 1.93147
9.7258 1.94684
9.72135 1.96221
9.71687 1.97757
9.71234 1.99292
9.70779 2.00827
9.70319 2.0236
9.69856 2.03893
9.69389 2.05425
9.68919 2.06957
9.68445 2.08487
9.67967 2.10017
9.67485 2.11546
9.67 2.13074
9.66512 2.14602
9.66019 2.16128
9.65524 2.17654
9.65024 2.19179
9.64521 2.20703
9.64014 2.22227
9.63503 2.23749
9.62989 2.25271
9.62471 2.26791
9.61949 2.28311
9.61424 2.2983
9.60895 2.31348
9.60363 2.32866
9.59827 2.34382
9.59287 2.35898
9.58743 2.37412
9.58196 2.38926
9.57645 2.40439
9.5709 2.4195
9.56532 2.43461
9.5597 2.44971
9.55404 2.4648
9.54835 2.47988
9.54262 2.49495
9.53685 2.51001
9.53105 2.52507
9.52521 2.54011
9.51933 2.55514
9.51341 2.57016
9.50746 2.58517
9.50147 2.60018
9.49545 2.61517
9.48938 2.63015
9.48328 2.64512
9.47714 2.66008
9.47097 2.67503
9.46476 2.68997
9.45851 2.7049
9.45222 2.71982
9.4459 2.73473
9.43954 2.74963
9.43314 2.76451
9.4267 2.77939
9.42023 2.79425
9.41372 2.80911
9.40717 2.82395
9.40059 2.83878
9.39397 2.8536
9.38731 2.86841
9.38061 2.8832
9.37387 2.89799
9.3671 2.91276
9.36029 2.92753
9.35344 2.94228
9.34656 2.95701
9.33964 2.97174
9.33268 2.98646
9.32568 3.00116
9.31864 3.01585
9.31157 3.03053
9.30446 3.04519
9.29731 3.05985
9.29012 3.07449
9.2829 3.08912
9.27564 3.10373
9.26834 3.11834
9.261 3.13293
9.25362 3.14751
9.24621 3.16207
9.23876 3.17662
9.23127 3.19116
9.22374 3.20569
9.21618 3.2202
9.20857 3.2347
9.20093 3.24918
9.19325 3.26366
9.18553 3.27812
9.17777 3.29256
9.16998 3.30699
9.16215 3.32141
9.15427 3.33581
9.14637 3.3502
9.13842 3.36458
9.13043 3.37894
9.12241 3.39329
9.11434 3.40762
9.10624 3.42194
9.0981 3.43625
9.08992 3.45054
9.08171 3.46481
9.07345 3.47907
9.06515 3.49332
9.05682 3.50755
9.04845 3.52176
9.04004 3.53596
9.03159 3.55015
9.0231 3.56432
9.01458 3.57847
9.00601 3.59261
8.99741 3.60674
8.98876 3.62085
8.98008 3.63494
8.97136 3.64902
8.9626 3.66308
8.9538 3.67712
8.94496 3.69115
8.93608 3.70516
8.92717 3.71916
8.91821 3.73314
8.90922 3.74711
8.90018 3.76105
8.89111 3.77498
8.882 3.7889
8.87285 3.8028
8.86365 3.81668
8.85442 3.83054
8.84515 3.84439
8.83584 3.85822
8.82649 3.87203
8.81711 3.88582
8.80768 3.8996
8.79821 3.91336
8.7887 3.9271
8.77916 3.94083
8.76957 3.95454
8.75994 3.96822
8.75028 3.9819
8.74057 3.99555
8.73082 4.00918
8.72104 4.0228
8.71121 4.0364
8.70135 4.04998
8.69144 4.06354
8.68149 4.07708
8.67151 4.0906
8.66148 4.1041
8.65141 4.11759
8.64131 4.13106
8.63116 4.1445
8.62097 4.15793
8.61075 4.17134
8.60048 4.18473
8.59017 4.19809
8.57982 4.21144
8.56943 4.22477
8.559 4.23808
8.54853 4.25137
8.53802 4.26464
8.52747 4.27789
8.51688 4.29111
8.50624 4.30432
8.49557 4.31751
8.48485 4.33067
8.4741 4.34382
8.4633 4.35694
8.45247 4.37005
8.44159 4.38313
8.43067 4.39619
8.41971 4.40923
8.40871 4.42225
8.39766 4.43524
8.38658 4.44822
8.37545 4.46117
8.36429 4.4741
8.35308 4.48701
8.34183 4.49989
8.33054 4.51276
8.31921 4.5256
8.30783 4.53842
8.29642 4.55121
8.28496 4.56399
8.27346 4.57674
8.26192 4.58946
8.25034 4.60217
8.23871 4.61485
8.22705 4.6275
8.21534 4.64014
8.20359 4.65275
8.1918 4.66533
8.17996 4.67789
8.16809 4.69043
8.15617 4.70295
8.14421 4.71544
8.13221 4.7279
8.12016 4.74034
8.10808 4.75276
8.09595 4.76515
8.08377 4.77751
8.07156 4.78985
8.0593 4.80217
8.047 4.81446
8.03466 4.82672
8.02228 4.83896
8.00985 4.85117
7.99738 4.86336
7.98486 4.87552
7.97231 4.88766
7.95971 4.89977
7.94707 4.91185
7.93438 4.9239
7.92165 4.93593
7.90888 4.94793
7.89606 4.95991
7.88321 4.97186
7.8703 4.98378
7.85736 4.99567
7.84437 5.00753
7.83134 5.01937
7.81826 5.03118
7.80515 5.04296
7.79198 5.05472
7.77878 5.06644
7.76553 5.07814
7.75223 5.0898
7.73889 5.10144
7.72551 5.11305
7.71209 5.12463
7.69862 5.13618
7.6851 5.14771
7.67154 5.1592
7.65794 5.17066
7.64429 5.18209
7.6306 5.1935
7.61687 5.20487
7.60309 5.21621
7.58926 5.22752
7.57539 5.2388
7.56148 5.25005
7.54752 5.26127
7.53352 5.27246
7.51947 5.28361
7.50537 5.29474
7.49124 5.30583
7.47705 5.31689
7.46282 5.32792
7.44855 5.33892
7.43423 5.34988
7.41987 5.36081
7.40546 5.37171
7.391 5.38258
7.3765 5.39341
7.36196 5.40421
7.34737 5.41498
7.33273 5.42571
7.31805 5.43641
7.30332 5.44707
7.28854 5.4577
7.27372 5.4683
7.25886 5.47886
7.24394 5.48938
7.22898 5.49988
7.21398 5.51033
7.19893 5.52075
7.18383 5.53114
7.16869 5.54149
7.1535 5.5518
7.13826 5.56208
7.12298 5.57232
7.10765 5.58253
7.09227 5.59269
7.07684 5.60282
7.06137 5.61292
7.04586 5.62298
7.03029 5.63299
7.01468 5.64298
6.99902 5.65292
6.98331 5.66282
6.96756 5.67269
6.95176 5.68252
6.93591 5.69231
6.92001 5.70206
6.90407 5.71177
6.88808 5.72144
6.87204 5.73107
6.85595 5.74067
6.83982 5.75022
6.82363 5.75973
6.8074 5.7692
6.79112 5.77863
6.7748 5.78802
6.75842 5.79737
6.742 5.80668
6.72552 5.81594
6.709 5.82516
6.69243 5.83434
6.67582 5.84348
6.65915 5.85258
6.64243 5.86163
6.62567 5.87064
6.60885 5.8796
6.59199 5.88853
6.57508 5.8974
6.55812 5.90624
6.54111 5.91503
6.52405 5.92377
6.50694 5.93247
6.48978 5.94113
6.47257 5.94974
6.45531 5.9583
6.438 5.96682
6.42064 5.97529
6.40323 5.98372
6.38577 5.99209
6.36827 6.00042
6.35071 6.00871
6.3331 6.01694
6.31544 6.02513
6.29773 6.03327
6.27997 6.04136
6.26216 6.04941
6.24429 6.0574
6.22638 6.06534
6.20842 6.07324
6.1904 6.08108
6.17233 6.08888
6.15422 6.09662
6.13605 6.10432
6.11783 6.11196
6.09956 6.11955
6.08123 6.12709
6.06286 6.13458
6.04443 6.14201
6.02595 6.14939
6.00742 6.15672
5.98884 6.164
5.97021 6.17122
5.95152 6.17839
5.93278 6.1855
5.91399 6.19256
5.89515 6.19956
5.87625 6.20651
5.8573 6.21341
5.8383 6.22024
5.81925 6.22703
5.80014 6.23375
5.78098 6.24042
5.76177 6.24703
5.7425 6.25358
5.72318 6.26007
5.70381 6.26651
5.68438 6.27289
5.6649 6.2792
5.64536 6.28546
5.62577 6.29166
5.60613 6.2978
5.58644 6.30388
5.56669 6.30989
5.54688 6.31585
5.52702 6.32174
5.50711 6.32757
5.48714 6.33334
5.46712 6.33905
5.44704 6.34469
5.42691 6.35027
5.40672 6.35578
5.38648 6.36123
5.36619 6.36661
5.34583 6.37193
5.32543 6.37718
5.30496 6.38237
5.28445 6.38749
5.26387 6.39254
5.24324 6.39753
5.22256 6.40244
5.20182 6.40729
5.18102 6.41207
5.16016 6.41678
5.13926 6.42142
5.11829 6.42599
5.09727 6.43049
5.07619 6.43491
5.05505 6.43927
5.03386 6.44355
5.01261 6.44776
4.9913 6.4519
4.96994 6.45596
4.94852 6.45995
4.92704 6.46386
4.90551 6.4677
4.88391 6.47147
4.86226 6.47515
4.84056 6.47876
4.81879 6.48229
4.79697 6.48575
4.77509 6.48912
4.75315 6.49242
4.73115 6.49564
4.70909 6.49878
4.68698 6.50183
4.6648 6.50481
4.64257 6.5077
4.62028 6.51051
4.59793 6.51324
4.57552 6.51589
4.55305 6.51845
4.53053 6.52092
4.50794 6.52331
4.48529 6.52562
4.46259 6.52783
4.43982 6.52997
4.417 6.53201
4.39412 6.53396
4.37117 6.53583
4.34817 6.5376
4.3251 6.53929
4.30198 6.54088
4.27879 6.54239
4.25555 6.54379
4.23224 6.54511
4.20887 6.54633
4.18545 6.54746
4.16196 6.5485
4.13841 6.54943
4.1148 6.55027
4.09113 6.55102
4.06739 6.55166
4.0436 6.55221
4.01974 6.55265
3.99583 6.553
3.97185 6.55325
3.94781 6.55339
3.9237 6.55343
3.89954 6.55337
3.87531 6.5532
3.85102 6.55293
3.82667 6.55255
3.80226 6.55206
3.77778 6.55147
3.75325 6.55077
3.72864 6.54996
3.70398 6.54904
3.67925 6.54801
3.65446 6.54686
3.62961 6.54561
3.6047 6.54424
3.57972 6.54275
3.55468 6.54115
3.52957 6.53943
3.5044 6.5376
3.47917 6.53565
3.45388 6.53357
3.42852 6.53138
3.40309 6.52907
3.37761 6.52663
3.35206 6.52407
3.32644 6.52139
3.30076 6.51858
3.27502 6.51564
3.24921 6.51258
3.22334 6.50939
3.19741 6.50607
3.17141 6.50261
3.14535 6.49903
3.11922 6.49531
3.09303 6.49146
3.06677 6.48747
3.04045 6.48335
3.01406 6.47909
2.98761 6.47469
2.9611 6.47015
2.93452 6.46547
2.90787 6.46064
2.88116 6.45567
2.85439 6.45056
2.82755 6.4453
2.80065 6.43989
2.77368 6.43434
