0	7.1899e-62
1	1.80823e-61
2	8.19861e-61
3	4.06683e-60
4	2.00929e-59
5	9.76028e-59
6	4.65368e-58
7	2.17755e-57
8	9.99981e-57
9	4.50701e-56
10	1.99382e-55
11	8.6579e-55
12	3.69058e-54
13	1.54441e-53
14	6.34525e-53
15	2.55965e-52
16	1.0139e-51
17	3.94386e-51
18	1.5066e-50
19	5.65274e-50
20	2.08326e-49
21	7.542e-49
22	2.68244e-48
23	9.3738e-48
24	3.21872e-47
25	1.08612e-46
26	3.60202e-46
27	1.17417e-45
28	3.76255e-45
29	1.18535e-44
30	3.67181e-44
31	1.11849e-43
32	3.35083e-43
33	9.87417e-43
34	2.86242e-42
35	8.16407e-42
36	2.2913e-41
37	6.32879e-41
38	1.72062e-40
39	4.60511e-40
40	1.21353e-39
41	3.14909e-39
42	8.04844e-39
43	2.02629e-38
44	5.02606e-38
45	1.22846e-37
46	2.95922e-37
47	7.02672e-37
48	1.645e-36
49	3.79745e-36
50	8.64595e-36
51	1.94182e-35
52	4.30292e-35
53	9.40931e-35
54	2.03084e-34
55	4.32714e-34
56	9.10376e-34
57	1.89156e-33
58	3.88225e-33
59	7.87228e-33
60	1.57745e-32
61	3.12421e-32
62	6.117e-32
63	1.18424e-31
64	2.26741e-31
65	4.29435e-31
66	8.04691e-31
67	1.49215e-30
68	2.73863e-30
69	4.97597e-30
70	8.95224e-30
71	1.59507e-29
72	2.81517e-29
73	4.92254e-29
74	8.52937e-29
75	1.46477e-28
76	2.49359e-28
77	4.20885e-28
78	7.04471e-28
79	1.1695e-27
80	1.92597e-27
81	3.14694e-27
82	5.10255e-27
83	8.21141e-27
84	1.31175e-26
85	2.08044e-26
86	3.27642e-26
87	5.12446e-26
88	7.961e-26
89	1.22863e-25
90	1.88396e-25
91	2.87063e-25
92	4.3471e-25
93	6.54329e-25
94	9.79093e-25
95	1.45659e-24
96	2.15473e-24
97	3.16987e-24
98	4.63803e-24
99	6.75028e-24
100	9.77357e-24
101	1.40792e-23
102	2.01809e-23
103	2.87863e-23
104	4.08658e-23
105	5.77439e-23
106	8.12205e-23
107	1.13731e-22
108	1.58558e-22
109	2.20105e-22
110	3.04259e-22
111	4.18856e-22
112	5.7429e-22
113	7.84291e-22
114	1.06693e-21
115	1.44592e-21
116	1.95223e-21
117	2.6262e-21
118	3.5202e-21
119	4.70197e-21
120	6.25883e-21
121	8.30304e-21
122	1.09784e-20
123	1.44686e-20
124	1.90075e-20
125	2.4892e-20
126	3.24982e-20
127	4.23004e-20
128	5.4896e-20
129	7.10349e-20
130	9.16558e-20
131	1.17931e-19
132	1.5132e-19
133	1.93636e-19
134	2.47127e-19
135	3.1457e-19
136	3.99389e-19
137	5.05798e-19
138	6.38968e-19
139	8.0523e-19
140	1.01232e-18
141	1.26966e-18
142	1.58874e-18
143	1.98346e-18
144	2.47069e-18
145	3.07081e-18
146	3.80842e-18
147	4.7131e-18
148	5.82041e-18
149	7.17302e-18
150	8.82194e-18
151	1.08282e-17
152	1.32644e-17
153	1.62172e-17
154	1.97894e-17
155	2.41029e-17
156	2.93021e-17
157	3.55578e-17
158	4.30714e-17
159	5.20801e-17
160	6.2863e-17
161	7.57478e-17
162	9.11188e-17
163	1.09426e-16
164	1.31194e-16
165	1.57038e-16
166	1.87671e-16
167	2.23927e-16
168	2.6677e-16
169	3.17324e-16
170	3.76887e-16
171	4.46962e-16
172	5.29287e-16
173	6.25866e-16
174	7.39009e-16
175	8.71374e-16
176	1.02602e-15
177	1.20644e-15
178	1.41667e-15
179	1.66131e-15
180	1.94563e-15
181	2.27563e-15
182	2.65819e-15
183	3.10112e-15
184	3.61331e-15
185	4.2049e-15
186	4.88737e-15
187	5.67376e-15
188	6.57884e-15
189	7.61934e-15
190	8.81415e-15
191	1.01846e-14
192	1.17549e-14
193	1.35521e-14
194	1.56068e-14
195	1.79534e-14
196	2.06306e-14
197	2.36818e-14
198	2.71556e-14
199	3.11066e-14
200	3.55958e-14
201	4.06916e-14
202	4.64701e-14
203	5.30167e-14
204	6.04262e-14
205	6.88046e-14
206	7.82696e-14
207	8.89524e-14
208	1.00999e-13
209	1.1457e-13
210	1.29846e-13
211	1.47026e-13
212	1.6633e-13
213	1.88003e-13
214	2.12313e-13
215	2.39559e-13
216	2.70071e-13
217	3.04211e-13
218	3.4238e-13
219	3.85019e-13
220	4.32614e-13
221	4.85698e-13
222	5.4486e-13
223	6.10742e-13
224	6.84054e-13
225	7.65571e-13
226	8.56145e-13
227	9.56706e-13
228	1.06827e-12
229	1.19197e-12
230	1.329e-12
231	1.48071e-12
232	1.64854e-12
233	1.83409e-12
234	2.03908e-12
235	2.26539e-12
236	2.51508e-12
237	2.79037e-12
238	3.09369e-12
239	3.42768e-12
240	3.79519e-12
241	4.19935e-12
242	4.64351e-12
243	5.13132e-12
244	5.66676e-12
245	6.25411e-12
246	6.898e-12
247	7.60345e-12
248	8.37589e-12
249	9.22118e-12
250	1.01456e-11
251	1.11561e-11
252	1.226e-11
253	1.34651e-11
254	1.47801e-11
255	1.62143e-11
256	1.77774e-11
257	1.94802e-11
258	2.13341e-11
259	2.33515e-11
260	2.55456e-11
261	2.79307e-11
262	3.0522e-11
263	3.33359e-11
264	3.63898e-11
265	3.97027e-11
266	4.32946e-11
267	4.71872e-11
268	5.14034e-11
269	5.5968e-11
270	6.09073e-11
271	6.62496e-11
272	7.20248e-11
273	7.82652e-11
274	8.50051e-11
275	9.22811e-11
276	1.00132e-10
277	1.086e-10
278	1.17728e-10
279	1.27565e-10
280	1.3816e-10
281	1.49566e-10
282	1.61841e-10
283	1.75045e-10
284	1.89243e-10
285	2.04501e-10
286	2.20893e-10
287	2.38495e-10
288	2.5739e-10
289	2.77662e-10
290	2.99405e-10
291	3.22716e-10
292	3.47696e-10
293	3.74455e-10
294	4.03109e-10
295	4.3378e-10
296	4.66596e-10
297	5.01695e-10
298	5.3922e-10
299	5.79325e-10
300	6.22169e-10
301	6.67924e-10
302	7.16769e-10
303	7.68894e-10
304	8.24498e-10
305	8.83792e-10
306	9.46999e-10
307	1.01435e-09
308	1.0861e-09
309	1.1625e-09
310	1.24382e-09
311	1.33036e-09
312	1.42242e-09
313	1.52031e-09
314	1.62438e-09
315	1.73496e-09
316	1.85244e-09
317	1.9772e-09
318	2.10965e-09
319	2.25021e-09
320	2.39934e-09
321	2.55751e-09
322	2.72521e-09
323	2.90296e-09
324	3.0913e-09
325	3.29081e-09
326	3.50208e-09
327	3.72574e-09
328	3.96243e-09
329	4.21286e-09
330	4.47772e-09
331	4.75778e-09
332	5.05381e-09
333	5.36665e-09
334	5.69713e-09
335	6.04617e-09
336	6.41469e-09
337	6.80368e-09
338	7.21416e-09
339	7.64718e-09
340	8.10387e-09
341	8.58539e-09
342	9.09294e-09
343	9.62779e-09
344	1.01912e-08
345	1.07847e-08
346	1.14096e-08
347	1.20673e-08
348	1.27596e-08
349	1.34879e-08
350	1.4254e-08
351	1.50595e-08
352	1.59065e-08
353	1.67966e-08
354	1.77319e-08
355	1.87145e-08
356	1.97465e-08
357	2.08301e-08
358	2.19675e-08
359	2.31613e-08
360	2.44139e-08
361	2.57278e-08
362	2.71057e-08
363	2.85505e-08
364	3.0065e-08
365	3.16521e-08
366	3.33151e-08
367	3.50571e-08
368	3.68815e-08
369	3.87917e-08
370	4.07914e-08
371	4.28842e-08
372	4.50739e-08
373	4.73647e-08
374	4.97606e-08
375	5.22659e-08
376	5.4885e-08
377	5.76226e-08
378	6.04833e-08
379	6.34721e-08
380	6.65941e-08
381	6.98544e-08
382	7.32587e-08
383	7.68123e-08
384	8.05212e-08
385	8.43914e-08
386	8.84291e-08
387	9.26406e-08
388	9.70325e-08
389	1.01612e-07
390	1.06385e-07
391	1.11361e-07
392	1.16545e-07
393	1.21946e-07
394	1.27572e-07
395	1.33432e-07
396	1.39533e-07
397	1.45884e-07
398	1.52495e-07
399	1.59374e-07
400	1.66532e-07
401	1.73978e-07
402	1.81723e-07
403	1.89776e-07
404	1.9815e-07
405	2.06854e-07
406	2.15901e-07
407	2.25302e-07
408	2.3507e-07
409	2.45216e-07
410	2.55754e-07
411	2.66698e-07
412	2.78059e-07
413	2.89854e-07
414	3.02096e-07
415	3.14799e-07
416	3.2798e-07
417	3.41654e-07
418	3.55836e-07
419	3.70544e-07
420	3.85794e-07
421	4.01604e-07
422	4.17992e-07
423	4.34976e-07
424	4.52575e-07
425	4.70809e-07
426	4.89697e-07
427	5.09259e-07
428	5.29518e-07
429	5.50494e-07
430	5.72209e-07
431	5.94686e-07
432	6.17948e-07
433	6.42019e-07
434	6.66924e-07
435	6.92687e-07
436	7.19334e-07
437	7.46891e-07
438	7.75386e-07
439	8.04846e-07
440	8.35299e-07
441	8.66774e-07
442	8.99301e-07
443	9.3291e-07
444	9.67632e-07
445	1.0035e-06
446	1.04055e-06
447	1.0788e-06
448	1.1183e-06
449	1.15909e-06
450	1.20118e-06
451	1.24463e-06
452	1.28947e-06
453	1.33574e-06
454	1.38348e-06
455	1.43272e-06
456	1.48351e-06
457	1.5359e-06
458	1.58991e-06
459	1.6456e-06
460	1.70302e-06
461	1.7622e-06
462	1.82319e-06
463	1.88604e-06
464	1.95081e-06
465	2.01753e-06
466	2.08626e-06
467	2.15706e-06
468	2.22997e-06
469	2.30505e-06
470	2.38235e-06
471	2.46194e-06
472	2.54386e-06
473	2.62817e-06
474	2.71495e-06
475	2.80424e-06
476	2.89611e-06
477	2.99062e-06
478	3.08784e-06
479	3.18783e-06
480	3.29066e-06
481	3.39641e-06
482	3.50513e-06
483	3.6169e-06
484	3.73179e-06
485	3.84988e-06
486	3.97124e-06
487	4.09596e-06
488	4.2241e-06
489	4.35574e-06
490	4.49098e-06
491	4.62989e-06
492	4.77255e-06
493	4.91905e-06
494	5.06948e-06
495	5.22393e-06
496	5.38249e-06
497	5.54525e-06
498	5.7123e-06
499	5.88374e-06
500	6.05967e-06
501	6.24018e-06
502	6.42538e-06
503	6.61537e-06
504	6.81025e-06
505	7.01013e-06
506	7.21512e-06
507	7.42532e-06
508	7.64085e-06
509	7.86182e-06
510	8.08834e-06
511	8.32054e-06
512	8.55852e-06
513	8.80242e-06
514	9.05236e-06
515	9.30845e-06
516	9.57083e-06
517	9.83962e-06
518	1.0115e-05
519	1.0397e-05
520	1.06858e-05
521	1.09816e-05
522	1.12845e-05
523	1.15946e-05
524	1.19121e-05
525	1.22371e-05
526	1.25698e-05
527	1.29103e-05
528	1.32587e-05
529	1.36153e-05
530	1.39802e-05
531	1.43536e-05
532	1.47355e-05
533	1.51262e-05
534	1.55259e-05
535	1.59346e-05
536	1.63526e-05
537	1.67801e-05
538	1.72173e-05
539	1.76642e-05
540	1.81211e-05
541	1.85882e-05
542	1.90656e-05
543	1.95536e-05
544	2.00524e-05
545	2.05621e-05
546	2.10829e-05
547	2.1615e-05
548	2.21587e-05
549	2.27141e-05
550	2.32815e-05
551	2.38611e-05
552	2.4453e-05
553	2.50575e-05
554	2.56748e-05
555	2.63052e-05
556	2.69488e-05
557	2.76059e-05
558	2.82767e-05
559	2.89614e-05
560	2.96604e-05
561	3.03737e-05
562	3.11018e-05
563	3.18447e-05
564	3.26028e-05
565	3.33764e-05
566	3.41656e-05
567	3.49707e-05
568	3.5792e-05
569	3.66298e-05
570	3.74843e-05
571	3.83558e-05
572	3.92445e-05
573	4.01508e-05
574	4.10749e-05
575	4.20171e-05
576	4.29777e-05
577	4.3957e-05
578	4.49553e-05
579	4.59728e-05
580	4.70099e-05
581	4.80669e-05
582	4.91441e-05
583	5.02417e-05
584	5.13602e-05
585	5.24998e-05
586	5.36608e-05
587	5.48436e-05
588	5.60485e-05
589	5.72758e-05
590	5.85258e-05
591	5.9799e-05
592	6.10956e-05
593	6.2416e-05
594	6.37605e-05
595	6.51295e-05
596	6.65234e-05
597	6.79424e-05
598	6.93871e-05
599	7.08576e-05
600	7.23544e-05
601	7.3878e-05
602	7.54285e-05
603	7.70065e-05
604	7.86124e-05
605	8.02464e-05
606	8.19091e-05
607	8.36007e-05
608	8.53218e-05
609	8.70726e-05
610	8.88537e-05
611	9.06654e-05
612	9.25081e-05
613	9.43823e-05
614	9.62884e-05
615	9.82268e-05
616	0.000100198
617	0.000102202
618	0.00010424
619	0.000106312
620	0.000108419
621	0.00011056
622	0.000112737
623	0.00011495
624	0.000117199
625	0.000119485
626	0.000121808
627	0.000124169
628	0.000126568
629	0.000129006
630	0.000131483
631	0.000134
632	0.000136557
633	0.000139155
634	0.000141793
635	0.000144474
636	0.000147197
637	0.000149962
638	0.000152771
639	0.000155624
640	0.000158521
641	0.000161462
642	0.000164449
643	0.000167482
644	0.000170562
645	0.000173688
646	0.000176862
647	0.000180084
648	0.000183355
649	0.000186675
650	0.000190045
651	0.000193465
652	0.000196936
653	0.000200459
654	0.000204034
655	0.000207662
656	0.000211343
657	0.000215078
658	0.000218867
659	0.000222712
660	0.000226612
661	0.000230569
662	0.000234583
663	0.000238654
664	0.000242783
665	0.000246972
666	0.00025122
667	0.000255528
668	0.000259897
669	0.000264327
670	0.00026882
671	0.000273375
672	0.000277994
673	0.000282676
674	0.000287424
675	0.000292237
676	0.000297116
677	0.000302062
678	0.000307075
679	0.000312157
680	0.000317307
681	0.000322527
682	0.000327818
683	0.000333179
684	0.000338612
685	0.000344118
686	0.000349696
687	0.000355349
688	0.000361076
689	0.000366878
690	0.000372757
691	0.000378712
692	0.000384745
693	0.000390857
694	0.000397047
695	0.000403317
696	0.000409668
697	0.0004161
698	0.000422614
699	0.000429211
700	0.000435892
701	0.000442657
702	0.000449508
703	0.000456445
704	0.000463468
705	0.000470579
706	0.000477779
707	0.000485068
708	0.000492446
709	0.000499916
710	0.000507478
711	0.000515132
712	0.000522879
713	0.00053072
714	0.000538657
715	0.000546689
716	0.000554818
717	0.000563045
718	0.00057137
719	0.000579794
720	0.000588318
721	0.000596944
722	0.000605671
723	0.000614501
724	0.000623434
725	0.000632472
726	0.000641615
727	0.000650865
728	0.000660221
729	0.000669686
730	0.000679259
731	0.000688942
732	0.000698736
733	0.000708642
734	0.00071866
735	0.000728791
736	0.000739037
737	0.000749398
738	0.000759875
739	0.000770469
740	0.000781181
741	0.000792013
742	0.000802964
743	0.000814036
744	0.00082523
745	0.000836546
746	0.000847987
747	0.000859552
748	0.000871242
749	0.000883059
750	0.000895004
751	0.000907077
752	0.00091928
753	0.000931613
754	0.000944077
755	0.000956674
756	0.000969404
757	0.000982269
758	0.000995269
759	0.00100841
760	0.00102168
761	0.00103509
762	0.00104864
763	0.00106233
764	0.00107617
765	0.00109014
766	0.00110426
767	0.00111852
768	0.00113293
769	0.00114749
770	0.00116219
771	0.00117704
772	0.00119204
773	0.00120719
774	0.0012225
775	0.00123795
776	0.00125356
777	0.00126933
778	0.00128524
779	0.00130132
780	0.00131756
781	0.00133395
782	0.0013505
783	0.00136722
784	0.00138409
785	0.00140113
786	0.00141834
787	0.0014357
788	0.00145324
789	0.00147094
790	0.00148881
791	0.00150685
792	0.00152507
793	0.00154345
794	0.00156201
795	0.00158074
796	0.00159964
797	0.00161872
798	0.00163798
799	0.00165742
800	0.00167703
801	0.00169683
802	0.00171681
803	0.00173697
804	0.00175731
805	0.00177784
806	0.00179856
807	0.00181946
808	0.00184055
809	0.00186183
810	0.0018833
811	0.00190497
812	0.00192682
813	0.00194887
814	0.00197111
815	0.00199355
816	0.00201619
817	0.00203903
818	0.00206206
819	0.0020853
820	0.00210873
821	0.00213237
822	0.00215622
823	0.00218027
824	0.00220452
825	0.00222898
826	0.00225365
827	0.00227853
828	0.00230363
829	0.00232893
830	0.00235445
831	0.00238018
832	0.00240612
833	0.00243228
834	0.00245866
835	0.00248526
836	0.00251208
837	0.00253912
838	0.00256638
839	0.00259387
840	0.00262158
841	0.00264952
842	0.00267768
843	0.00270607
844	0.00273469
845	0.00276354
846	0.00279262
847	0.00282193
848	0.00285148
849	0.00288126
850	0.00291128
851	0.00294154
852	0.00297203
853	0.00300277
854	0.00303374
855	0.00306496
856	0.00309642
857	0.00312812
858	0.00316007
859	0.00319227
860	0.00322471
861	0.0032574
862	0.00329034
863	0.00332354
864	0.00335698
865	0.00339068
866	0.00342463
867	0.00345884
868	0.00349331
869	0.00352803
870	0.00356302
871	0.00359826
872	0.00363377
873	0.00366953
874	0.00370557
875	0.00374186
876	0.00377843
877	0.00381526
878	0.00385236
879	0.00388973
880	0.00392737
881	0.00396528
882	0.00400346
883	0.00404192
884	0.00408066
885	0.00411967
886	0.00415895
887	0.00419852
888	0.00423837
889	0.0042785
890	0.00431891
891	0.0043596
892	0.00440058
893	0.00444185
894	0.0044834
895	0.00452524
896	0.00456737
897	0.00460979
898	0.0046525
899	0.0046955
900	0.0047388
901	0.00478239
902	0.00482628
903	0.00487046
904	0.00491495
905	0.00495973
906	0.00500481
907	0.0050502
908	0.00509589
909	0.00514188
910	0.00518817
911	0.00523478
912	0.00528169
913	0.00532891
914	0.00537643
915	0.00542427
916	0.00547242
917	0.00552089
918	0.00556966
919	0.00561875
920	0.00566816
921	0.00571789
922	0.00576793
923	0.0058183
924	0.00586898
925	0.00591999
926	0.00597131
927	0.00602297
928	0.00607494
929	0.00612725
930	0.00617988
931	0.00623284
932	0.00628613
933	0.00633974
934	0.00639369
935	0.00644798
936	0.00650259
937	0.00655754
938	0.00661283
939	0.00666845
940	0.00672442
941	0.00678072
942	0.00683736
943	0.00689434
944	0.00695166
945	0.00700933
946	0.00706734
947	0.0071257
948	0.0071844
949	0.00724345
950	0.00730285
951	0.0073626
952	0.0074227
953	0.00748315
954	0.00754395
955	0.00760511
956	0.00766662
957	0.00772848
958	0.00779071
959	0.00785329
960	0.00791623
961	0.00797953
962	0.00804319
963	0.00810721
964	0.00817159
965	0.00823634
966	0.00830145
967	0.00836693
968	0.00843278
969	0.00849899
970	0.00856557
971	0.00863253
972	0.00869985
973	0.00876754
974	0.00883561
975	0.00890405
976	0.00897286
977	0.00904205
978	0.00911162
979	0.00918156
980	0.00925188
981	0.00932259
982	0.00939367
983	0.00946513
984	0.00953698
985	0.0096092
986	0.00968182
987	0.00975481
988	0.0098282
989	0.00990197
990	0.00997612
991	0.0100507
992	0.0101256
993	0.0102009
994	0.0102766
995	0.0103528
996	0.0104293
997	0.0105062
998	0.0105834
999	0.0106611
1000	0.0107392
1001	0.0108177
1002	0.0108966
1003	0.0109759
1004	0.0110555
1005	0.0111356
1006	0.0112161
1007	0.011297
1008	0.0113783
1009	0.01146
1010	0.0115421
1011	0.0116246
1012	0.0117075
1013	0.0117908
1014	0.0118745
1015	0.0119587
1016	0.0120432
1017	0.0121282
1018	0.0122135
1019	0.0122993
1020	0.0123855
1021	0.0124721
1022	0.0125592
1023	0.0126466
1024	0.0127345
1025	0.0128227
1026	0.0129114
1027	0.0130006
1028	0.0130901
1029	0.01318
1030	0.0132704
1031	0.0133612
1032	0.0134524
1033	0.0135441
1034	0.0136361
1035	0.0137286
1036	0.0138216
1037	0.0139149
1038	0.0140087
1039	0.0141029
1040	0.0141975
1041	0.0142926
1042	0.0143881
1043	0.014484
1044	0.0145803
1045	0.0146771
1046	0.0147743
1047	0.014872
1048	0.0149701
1049	0.0150686
1050	0.0151675
1051	0.0152669
1052	0.0153668
1053	0.015467
1054	0.0155677
1055	0.0156689
1056	0.0157705
1057	0.0158725
1058	0.015975
1059	0.0160779
1060	0.0161812
1061	0.016285
1062	0.0163892
1063	0.0164939
1064	0.016599
1065	0.0167046
1066	0.0168106
1067	0.0169171
1068	0.017024
1069	0.0171314
1070	0.0172392
1071	0.0173474
1072	0.0174561
1073	0.0175653
1074	0.0176749
1075	0.0177849
1076	0.0178954
1077	0.0180064
1078	0.0181178
1079	0.0182297
1080	0.018342
1081	0.0184548
1082	0.018568
1083	0.0186817
1084	0.0187958
1085	0.0189104
1086	0.0190255
1087	0.019141
1088	0.0192569
1089	0.0193734
1090	0.0194903
1091	0.0196076
1092	0.0197254
1093	0.0198437
1094	0.0199624
1095	0.0200816
1096	0.0202012
1097	0.0203214
1098	0.0204419
1099	0.020563
1100	0.0206845
1101	0.0208064
1102	0.0209289
1103	0.0210518
1104	0.0211751
1105	0.021299
1106	0.0214232
1107	0.021548
1108	0.0216732
1109	0.0217989
1110	0.0219251
1111	0.0220517
1112	0.0221788
1113	0.0223064
1114	0.0224344
1115	0.0225629
1116	0.0226919
1117	0.0228213
1118	0.0229513
1119	0.0230817
1120	0.0232125
1121	0.0233438
1122	0.0234757
1123	0.0236079
1124	0.0237407
1125	0.0238739
1126	0.0240076
1127	0.0241418
1128	0.0242764
1129	0.0244115
1130	0.0245471
1131	0.0246832
1132	0.0248197
1133	0.0249567
1134	0.0250942
1135	0.0252322
1136	0.0253707
1137	0.0255096
1138	0.025649
1139	0.0257889
1140	0.0259292
1141	0.02607
1142	0.0262113
1143	0.0263531
1144	0.0264954
1145	0.0266381
1146	0.0267814
1147	0.0269251
1148	0.0270692
1149	0.0272139
1150	0.027359
1151	0.0275047
1152	0.0276508
1153	0.0277973
1154	0.0279444
1155	0.0280919
1156	0.02824
1157	0.0283885
1158	0.0285375
1159	0.0286869
1160	0.0288369
1161	0.0289873
1162	0.0291382
1163	0.0292896
1164	0.0294415
1165	0.0295938
1166	0.0297466
1167	0.0299
1168	0.0300538
1169	0.030208
1170	0.0303628
1171	0.030518
1172	0.0306738
1173	0.03083
1174	0.0309867
1175	0.0311439
1176	0.0313015
1177	0.0314597
1178	0.0316183
1179	0.0317774
1180	0.031937
1181	0.0320971
1182	0.0322576
1183	0.0324187
1184	0.0325802
1185	0.0327422
1186	0.0329047
1187	0.0330677
1188	0.0332311
1189	0.0333951
1190	0.0335595
1191	0.0337244
1192	0.0338898
1193	0.0340557
1194	0.034222
1195	0.0343889
1196	0.0345562
1197	0.034724
1198	0.0348923
1199	0.0350611
1200	0.0352303
1201	0.0354001
1202	0.0355703
1203	0.035741
1204	0.0359122
1205	0.0360839
1206	0.036256
1207	0.0364287
1208	0.0366018
1209	0.0367754
1210	0.0369495
1211	0.0371241
1212	0.0372991
1213	0.0374747
1214	0.0376507
1215	0.0378272
1216	0.0380042
1217	0.0381816
1218	0.0383596
1219	0.038538
1220	0.0387169
1221	0.0388963
1222	0.0390762
1223	0.0392565
1224	0.0394373
1225	0.0396187
1226	0.0398004
1227	0.0399827
1228	0.0401655
1229	0.0403487
1230	0.0405324
1231	0.0407166
1232	0.0409013
1233	0.0410864
1234	0.0412721
1235	0.0414582
1236	0.0416448
1237	0.0418318
1238	0.0420194
1239	0.0422074
1240	0.0423959
1241	0.0425849
1242	0.0427743
1243	0.0429643
1244	0.0431547
1245	0.0433456
1246	0.0435369
1247	0.0437288
1248	0.0439211
1249	0.0441139
1250	0.0443071
1251	0.0445009
1252	0.0446951
1253	0.0448898
1254	0.0450849
1255	0.0452806
1256	0.0454767
1257	0.0456732
1258	0.0458703
1259	0.0460678
1260	0.0462658
1261	0.0464643
1262	0.0466633
1263	0.0468627
1264	0.0470626
1265	0.0472629
1266	0.0474637
1267	0.047665
1268	0.0478668
1269	0.048069
1270	0.0482718
1271	0.0484749
1272	0.0486786
1273	0.0488827
1274	0.0490873
1275	0.0492923
1276	0.0494978
1277	0.0497038
1278	0.0499103
1279	0.0501172
1280	0.0503245
1281	0.0505324
1282	0.0507407
1283	0.0509495
1284	0.0511587
1285	0.0513684
1286	0.0515786
1287	0.0517892
1288	0.0520003
1289	0.0522118
1290	0.0524238
1291	0.0526363
1292	0.0528492
1293	0.0530626
1294	0.0532764
1295	0.0534908
1296	0.0537055
1297	0.0539207
1298	0.0541364
1299	0.0543526
1300	0.0545692
1301	0.0547862
1302	0.0550037
1303	0.0552217
1304	0.0554401
1305	0.055659
1306	0.0558783
1307	0.0560981
1308	0.0563183
1309	0.056539
1310	0.0567601
1311	0.0569817
1312	0.0572038
1313	0.0574262
1314	0.0576492
1315	0.0578726
1316	0.0580964
1317	0.0583207
1318	0.0585454
1319	0.0587706
1320	0.0589962
1321	0.0592223
1322	0.0594488
1323	0.0596758
1324	0.0599032
1325	0.060131
1326	0.0603593
1327	0.0605881
1328	0.0608173
1329	0.0610469
1330	0.0612769
1331	0.0615074
1332	0.0617384
1333	0.0619698
1334	0.0622016
1335	0.0624338
1336	0.0626665
1337	0.0628997
1338	0.0631332
1339	0.0633673
1340	0.0636017
1341	0.0638366
1342	0.0640719
1343	0.0643076
1344	0.0645438
1345	0.0647804
1346	0.0650174
1347	0.0652549
1348	0.0654928
1349	0.0657311
1350	0.0659699
1351	0.0662091
1352	0.0664487
1353	0.0666887
1354	0.0669292
1355	0.0671701
1356	0.0674114
1357	0.0676532
1358	0.0678953
1359	0.0681379
1360	0.0683809
1361	0.0686244
1362	0.0688682
1363	0.0691125
1364	0.0693572
1365	0.0696023
1366	0.0698478
1367	0.0700938
1368	0.0703402
1369	0.0705869
1370	0.0708341
1371	0.0710817
1372	0.0713298
1373	0.0715782
1374	0.0718271
1375	0.0720763
1376	0.072326
1377	0.0725761
1378	0.0728266
1379	0.0730775
1380	0.0733288
1381	0.0735805
1382	0.0738327
1383	0.0740852
1384	0.0743382
1385	0.0745915
1386	0.0748453
1387	0.0750994
1388	0.075354
1389	0.0756089
1390	0.0758643
1391	0.07612
1392	0.0763762
1393	0.0766328
1394	0.0768897
1395	0.0771471
1396	0.0774048
1397	0.077663
1398	0.0779215
1399	0.0781805
1400	0.0784398
1401	0.0786995
1402	0.0789596
1403	0.0792201
1404	0.079481
1405	0.0797423
1406	0.080004
1407	0.080266
1408	0.0805285
1409	0.0807913
1410	0.0810546
1411	0.0813182
1412	0.0815822
1413	0.0818465
1414	0.0821113
1415	0.0823764
1416	0.0826419
1417	0.0829078
1418	0.0831741
1419	0.0834408
1420	0.0837078
1421	0.0839752
1422	0.084243
1423	0.0845112
1424	0.0847797
1425	0.0850486
1426	0.0853179
1427	0.0855875
1428	0.0858576
1429	0.086128
1430	0.0863987
1431	0.0866699
1432	0.0869414
1433	0.0872132
1434	0.0874855
1435	0.0877581
1436	0.088031
1437	0.0883043
1438	0.088578
1439	0.0888521
1440	0.0891265
1441	0.0894013
1442	0.0896764
1443	0.0899519
1444	0.0902277
1445	0.0905039
1446	0.0907805
1447	0.0910574
1448	0.0913347
1449	0.0916123
1450	0.0918902
1451	0.0921686
1452	0.0924472
1453	0.0927263
1454	0.0930056
1455	0.0932853
1456	0.0935654
1457	0.0938458
1458	0.0941266
1459	0.0944077
1460	0.0946891
1461	0.0949709
1462	0.095253
1463	0.0955355
1464	0.0958183
1465	0.0961014
1466	0.0963849
1467	0.0966687
1468	0.0969529
1469	0.0972374
1470	0.0975222
1471	0.0978074
1472	0.0980928
1473	0.0983787
1474	0.0986648
1475	0.0989513
1476	0.0992381
1477	0.0995252
1478	0.0998127
1479	0.1001
1480	0.100389
1481	0.100677
1482	0.100966
1483	0.101255
1484	0.101544
1485	0.101834
1486	0.102124
1487	0.102414
1488	0.102705
1489	0.102996
1490	0.103287
1491	0.103579
1492	0.103871
1493	0.104163
1494	0.104456
1495	0.104749
1496	0.105042
1497	0.105335
1498	0.105629
1499	0.105923
1500	0.106218
1501	0.106512
1502	0.106807
1503	0.107103
1504	0.107398
1505	0.107694
1506	0.107991
1507	0.108287
1508	0.108584
1509	0.108881
1510	0.109179
1511	0.109476
1512	0.109774
1513	0.110073
1514	0.110371
1515	0.11067
1516	0.110969
1517	0.111269
1518	0.111568
1519	0.111869
1520	0.112169
1521	0.11247
1522	0.11277
1523	0.113072
1524	0.113373
1525	0.113675
1526	0.113977
1527	0.114279
1528	0.114582
1529	0.114885
1530	0.115188
1531	0.115491
1532	0.115795
1533	0.116099
1534	0.116403
1535	0.116708
1536	0.117013
1537	0.117318
1538	0.117623
1539	0.117929
1540	0.118234
1541	0.118541
1542	0.118847
1543	0.119154
1544	0.119461
1545	0.119768
1546	0.120075
1547	0.120383
1548	0.120691
1549	0.120999
1550	0.121308
1551	0.121616
1552	0.121925
1553	0.122235
1554	0.122544
1555	0.122854
1556	0.123164
1557	0.123474
1558	0.123785
1559	0.124095
1560	0.124406
1561	0.124718
1562	0.125029
1563	0.125341
1564	0.125653
1565	0.125965
1566	0.126278
1567	0.12659
1568	0.126903
1569	0.127217
1570	0.12753
1571	0.127844
1572	0.128158
1573	0.128472
1574	0.128786
1575	0.129101
1576	0.129415
1577	0.129731
1578	0.130046
1579	0.130361
1580	0.130677
1581	0.130993
1582	0.131309
1583	0.131626
1584	0.131942
1585	0.132259
1586	0.132576
1587	0.132894
1588	0.133211
1589	0.133529
1590	0.133847
1591	0.134165
1592	0.134483
1593	0.134802
1594	0.135121
1595	0.13544
1596	0.135759
1597	0.136079
1598	0.136398
1599	0.136718
1600	0.137038
1601	0.137358
1602	0.137679
1603	0.138
1604	0.138321
1605	0.138642
1606	0.138963
1607	0.139284
1608	0.139606
1609	0.139928
1610	0.14025
1611	0.140572
1612	0.140895
1613	0.141218
1614	0.14154
1615	0.141864
1616	0.142187
1617	0.14251
1618	0.142834
1619	0.143158
1620	0.143482
1621	0.143806
1622	0.14413
1623	0.144455
1624	0.14478
1625	0.145104
1626	0.14543
1627	0.145755
1628	0.14608
1629	0.146406
1630	0.146732
1631	0.147058
1632	0.147384
1633	0.14771
1634	0.148037
1635	0.148364
1636	0.14869
1637	0.149017
1638	0.149345
1639	0.149672
1640	0.149999
1641	0.150327
1642	0.150655
1643	0.150983
1644	0.151311
1645	0.15164
1646	0.151968
1647	0.152297
1648	0.152626
1649	0.152955
1650	0.153284
1651	0.153613
1652	0.153942
1653	0.154272
1654	0.154602
1655	0.154932
1656	0.155262
1657	0.155592
1658	0.155922
1659	0.156253
1660	0.156583
1661	0.156914
1662	0.157245
1663	0.157576
1664	0.157908
1665	0.158239
1666	0.15857
1667	0.158902
1668	0.159234
1669	0.159566
1670	0.159898
1671	0.16023
1672	0.160562
1673	0.160895
1674	0.161227
1675	0.16156
1676	0.161893
1677	0.162226
1678	0.162559
1679	0.162892
1680	0.163226
1681	0.163559
1682	0.163893
1683	0.164226
1684	0.16456
1685	0.164894
1686	0.165228
1687	0.165563
1688	0.165897
1689	0.166231
1690	0.166566
1691	0.166901
1692	0.167235
1693	0.16757
1694	0.167905
1695	0.16824
1696	0.168576
1697	0.168911
1698	0.169246
1699	0.169582
1700	0.169918
1701	0.170254
1702	0.170589
1703	0.170925
1704	0.171261
1705	0.171598
1706	0.171934
1707	0.17227
1708	0.172607
1709	0.172943
1710	0.17328
1711	0.173617
1712	0.173954
1713	0.174291
1714	0.174628
1715	0.174965
1716	0.175302
1717	0.17564
1718	0.175977
1719	0.176314
1720	0.176652
1721	0.17699
1722	0.177327
1723	0.177665
1724	0.178003
1725	0.178341
1726	0.178679
1727	0.179018
1728	0.179356
1729	0.179694
1730	0.180033
1731	0.180371
1732	0.18071
1733	0.181048
1734	0.181387
1735	0.181726
1736	0.182065
1737	0.182403
1738	0.182742
1739	0.183082
1740	0.183421
1741	0.18376
1742	0.184099
1743	0.184438
1744	0.184778
1745	0.185117
1746	0.185457
1747	0.185796
1748	0.186136
1749	0.186476
1750	0.186815
1751	0.187155
1752	0.187495
1753	0.187835
1754	0.188175
1755	0.188515
1756	0.188855
1757	0.189195
1758	0.189535
1759	0.189876
1760	0.190216
1761	0.190556
1762	0.190896
1763	0.191237
1764	0.191577
1765	0.191918
1766	0.192258
1767	0.192599
1768	0.19294
1769	0.19328
1770	0.193621
1771	0.193962
1772	0.194302
1773	0.194643
1774	0.194984
1775	0.195325
1776	0.195666
1777	0.196007
1778	0.196348
1779	0.196689
1780	0.19703
1781	0.197371
1782	0.197712
1783	0.198053
1784	0.198394
1785	0.198736
1786	0.199077
1787	0.199418
1788	0.199759
1789	0.2001
1790	0.200442
1791	0.200783
1792	0.201124
1793	0.201466
1794	0.201807
1795	0.202148
1796	0.20249
1797	0.202831
1798	0.203173
1799	0.203514
1800	0.203856
1801	0.204197
1802	0.204538
1803	0.20488
1804	0.205221
1805	0.205563
1806	0.205904
1807	0.206246
1808	0.206587
1809	0.206929
1810	0.20727
1811	0.207612
1812	0.207953
1813	0.208295
1814	0.208636
1815	0.208978
1816	0.209319
1817	0.209661
1818	0.210002
1819	0.210344
1820	0.210685
1821	0.211027
1822	0.211368
1823	0.21171
1824	0.212051
1825	0.212393
1826	0.212734
1827	0.213076
1828	0.213417
1829	0.213758
1830	0.2141
1831	0.214441
1832	0.214782
1833	0.215124
1834	0.215465
1835	0.215806
1836	0.216148
1837	0.216489
1838	0.21683
1839	0.217171
1840	0.217512
1841	0.217854
1842	0.218195
1843	0.218536
1844	0.218877
1845	0.219218
1846	0.219559
1847	0.2199
1848	0.220241
1849	0.220582
1850	0.220923
1851	0.221263
1852	0.221604
1853	0.221945
1854	0.222286
1855	0.222627
1856	0.222967
1857	0.223308
1858	0.223648
1859	0.223989
1860	0.22433
1861	0.22467
1862	0.22501
1863	0.225351
1864	0.225691
1865	0.226031
1866	0.226372
1867	0.226712
1868	0.227052
1869	0.227392
1870	0.227732
1871	0.228072
1872	0.228412
1873	0.228752
1874	0.229092
1875	0.229432
1876	0.229772
1877	0.230111
1878	0.230451
1879	0.230791
1880	0.23113
1881	0.23147
1882	0.231809
1883	0.232148
1884	0.232488
1885	0.232827
1886	0.233166
1887	0.233505
1888	0.233844
1889	0.234183
1890	0.234522
1891	0.234861
1892	0.2352
1893	0.235539
1894	0.235877
1895	0.236216
1896	0.236554
1897	0.236893
1898	0.237231
1899	0.237569
1900	0.237908
1901	0.238246
1902	0.238584
1903	0.238922
1904	0.23926
1905	0.239598
1906	0.239935
1907	0.240273
1908	0.240611
1909	0.240948
1910	0.241286
1911	0.241623
1912	0.24196
1913	0.242298
1914	0.242635
1915	0.242972
1916	0.243309
1917	0.243646
1918	0.243982
1919	0.244319
1920	0.244656
1921	0.244992
1922	0.245329
1923	0.245665
1924	0.246001
1925	0.246337
1926	0.246673
1927	0.247009
1928	0.247345
1929	0.247681
1930	0.248017
1931	0.248352
1932	0.248688
1933	0.249023
1934	0.249359
1935	0.249694
1936	0.250029
1937	0.250364
1938	0.250699
1939	0.251033
1940	0.251368
1941	0.251703
1942	0.252037
1943	0.252372
1944	0.252706
1945	0.25304
1946	0.253374
1947	0.253708
1948	0.254042
1949	0.254376
1950	0.254709
1951	0.255043
1952	0.255376
1953	0.255709
1954	0.256043
1955	0.256376
1956	0.256709
1957	0.257041
1958	0.257374
1959	0.257707
1960	0.258039
1961	0.258372
1962	0.258704
1963	0.259036
1964	0.259368
1965	0.2597
1966	0.260032
1967	0.260363
1968	0.260695
1969	0.261026
1970	0.261357
1971	0.261689
1972	0.26202
1973	0.262351
1974	0.262681
1975	0.263012
1976	0.263342
1977	0.263673
1978	0.264003
1979	0.264333
1980	0.264663
1981	0.264993
1982	0.265323
1983	0.265652
1984	0.265982
1985	0.266311
1986	0.26664
1987	0.266969
1988	0.267298
1989	0.267627
1990	0.267956
1991	0.268284
1992	0.268613
1993	0.268941
1994	0.269269
1995	0.269597
1996	0.269925
1997	0.270252
1998	0.27058
1999	0.270907
2000	0.271235
2001	0.271562
2002	0.271889
2003	0.272215
2004	0.272542
2005	0.272869
2006	0.273195
2007	0.273521
2008	0.273847
2009	0.274173
2010	0.274499
2011	0.274825
2012	0.27515
2013	0.275475
2014	0.2758
2015	0.276125
2016	0.27645
2017	0.276775
2018	0.2771
2019	0.277424
2020	0.277748
2021	0.278072
2022	0.278396
2023	0.27872
2024	0.279044
2025	0.279367
2026	0.27969
2027	0.280013
2028	0.280336
2029	0.280659
2030	0.280982
2031	0.281304
2032	0.281627
2033	0.281949
2034	0.282271
2035	0.282592
2036	0.282914
2037	0.283236
2038	0.283557
2039	0.283878
2040	0.284199
2041	0.28452
2042	0.28484
2043	0.285161
2044	0.285481
2045	0.285801
2046	0.286121
2047	0.286441
2048	0.286761
2049	0.28708
2050	0.287399
2051	0.287718
2052	0.288037
2053	0.288356
2054	0.288675
2055	0.288993
2056	0.289311
2057	0.289629
2058	0.289947
2059	0.290265
2060	0.290582
2061	0.290899
2062	0.291217
2063	0.291534
2064	0.29185
2065	0.292167
2066	0.292483
2067	0.292799
2068	0.293116
2069	0.293431
2070	0.293747
2071	0.294062
2072	0.294378
2073	0.294693
2074	0.295008
2075	0.295323
2076	0.295637
2077	0.295951
2078	0.296266
2079	0.296579
2080	0.296893
2081	0.297207
2082	0.29752
2083	0.297833
2084	0.298146
2085	0.298459
2086	0.298772
2087	0.299084
2088	0.299397
2089	0.299709
2090	0.30002
2091	0.300332
2092	0.300643
2093	0.300955
2094	0.301266
2095	0.301577
2096	0.301887
2097	0.302198
2098	0.302508
2099	0.302818
2100	0.303128
2101	0.303438
2102	0.303747
2103	0.304056
2104	0.304365
2105	0.304674
2106	0.304983
2107	0.305291
2108	0.305599
2109	0.305907
2110	0.306215
2111	0.306523
2112	0.30683
2113	0.307137
2114	0.307444
2115	0.307751
2116	0.308058
2117	0.308364
2118	0.30867
2119	0.308976
2120	0.309282
2121	0.309588
2122	0.309893
2123	0.310198
2124	0.310503
2125	0.310807
2126	0.311112
2127	0.311416
2128	0.31172
2129	0.312024
2130	0.312328
2131	0.312631
2132	0.312934
2133	0.313237
2134	0.31354
2135	0.313842
2136	0.314145
2137	0.314447
2138	0.314749
2139	0.31505
2140	0.315352
2141	0.315653
2142	0.315954
2143	0.316255
2144	0.316555
2145	0.316855
2146	0.317156
2147	0.317455
2148	0.317755
2149	0.318054
2150	0.318354
2151	0.318653
2152	0.318951
2153	0.31925
2154	0.319548
2155	0.319846
2156	0.320144
2157	0.320442
2158	0.320739
2159	0.321036
2160	0.321333
2161	0.32163
2162	0.321926
2163	0.322223
2164	0.322519
2165	0.322814
2166	0.32311
2167	0.323405
2168	0.3237
2169	0.323995
2170	0.32429
2171	0.324584
2172	0.324878
2173	0.325172
2174	0.325466
2175	0.32576
2176	0.326053
2177	0.326346
2178	0.326639
2179	0.326931
2180	0.327223
2181	0.327515
2182	0.327807
2183	0.328099
2184	0.32839
2185	0.328681
2186	0.328972
2187	0.329263
2188	0.329553
2189	0.329843
2190	0.330133
2191	0.330423
2192	0.330712
2193	0.331001
2194	0.33129
2195	0.331579
2196	0.331867
2197	0.332155
2198	0.332443
2199	0.332731
2200	0.333019
2201	0.333306
2202	0.333593
2203	0.33388
2204	0.334166
2205	0.334452
2206	0.334738
2207	0.335024
2208	0.33531
2209	0.335595
2210	0.33588
2211	0.336165
2212	0.336449
2213	0.336733
2214	0.337017
2215	0.337301
2216	0.337585
2217	0.337868
2218	0.338151
2219	0.338434
2220	0.338716
2221	0.338998
2222	0.33928
2223	0.339562
2224	0.339844
2225	0.340125
2226	0.340406
2227	0.340687
2228	0.340967
2229	0.341247
2230	0.341527
2231	0.341807
2232	0.342087
2233	0.342366
2234	0.342645
2235	0.342923
2236	0.343202
2237	0.34348
2238	0.343758
2239	0.344036
2240	0.344313
2241	0.34459
2242	0.344867
2243	0.345144
2244	0.34542
2245	0.345696
2246	0.345972
2247	0.346248
2248	0.346523
2249	0.346798
2250	0.347073
2251	0.347348
2252	0.347622
2253	0.347896
2254	0.34817
2255	0.348443
2256	0.348716
2257	0.348989
2258	0.349262
2259	0.349535
2260	0.349807
2261	0.350079
2262	0.35035
2263	0.350622
2264	0.350893
2265	0.351164
2266	0.351434
2267	0.351705
2268	0.351975
2269	0.352245
2270	0.352514
2271	0.352783
2272	0.353052
2273	0.353321
2274	0.35359
2275	0.353858
2276	0.354126
2277	0.354393
2278	0.354661
2279	0.354928
2280	0.355195
2281	0.355461
2282	0.355728
2283	0.355994
2284	0.35626
2285	0.356525
2286	0.35679
2287	0.357055
2288	0.35732
2289	0.357584
2290	0.357849
2291	0.358112
2292	0.358376
2293	0.358639
2294	0.358902
2295	0.359165
2296	0.359428
2297	0.35969
2298	0.359952
2299	0.360214
2300	0.360475
2301	0.360736
2302	0.360997
2303	0.361258
2304	0.361518
2305	0.361778
2306	0.362038
2307	0.362297
2308	0.362556
2309	0.362815
2310	0.363074
2311	0.363332
2312	0.36359
2313	0.363848
2314	0.364106
2315	0.364363
2316	0.36462
2317	0.364877
2318	0.365133
2319	0.365389
2320	0.365645
2321	0.365901
2322	0.366156
2323	0.366411
2324	0.366666
2325	0.36692
2326	0.367175
2327	0.367429
2328	0.367682
2329	0.367936
2330	0.368189
2331	0.368441
2332	0.368694
2333	0.368946
2334	0.369198
2335	0.36945
2336	0.369701
2337	0.369952
2338	0.370203
2339	0.370453
2340	0.370704
2341	0.370954
2342	0.371203
2343	0.371453
2344	0.371702
2345	0.371951
2346	0.372199
2347	0.372447
2348	0.372695
2349	0.372943
2350	0.373191
2351	0.373438
2352	0.373684
2353	0.373931
2354	0.374177
2355	0.374423
2356	0.374669
2357	0.374914
2358	0.375159
2359	0.375404
2360	0.375649
2361	0.375893
2362	0.376137
2363	0.376381
2364	0.376624
2365	0.376867
2366	0.37711
2367	0.377352
2368	0.377595
2369	0.377837
2370	0.378078
2371	0.37832
2372	0.378561
2373	0.378801
2374	0.379042
2375	0.379282
2376	0.379522
2377	0.379762
2378	0.380001
2379	0.38024
2380	0.380479
2381	0.380717
2382	0.380955
2383	0.381193
2384	0.381431
2385	0.381668
2386	0.381905
2387	0.382142
2388	0.382378
2389	0.382614
2390	0.38285
2391	0.383086
2392	0.383321
2393	0.383556
2394	0.383791
2395	0.384025
2396	0.384259
2397	0.384493
2398	0.384726
2399	0.38496
2400	0.385192
2401	0.385425
2402	0.385657
2403	0.385889
2404	0.386121
2405	0.386353
2406	0.386584
2407	0.386815
2408	0.387045
2409	0.387275
2410	0.387505
2411	0.387735
2412	0.387964
2413	0.388193
2414	0.388422
2415	0.388651
2416	0.388879
2417	0.389107
2418	0.389334
2419	0.389562
2420	0.389789
2421	0.390015
2422	0.390242
2423	0.390468
2424	0.390694
2425	0.390919
2426	0.391144
2427	0.391369
2428	0.391594
2429	0.391818
2430	0.392042
2431	0.392266
2432	0.39249
2433	0.392713
2434	0.392935
2435	0.393158
2436	0.39338
2437	0.393602
2438	0.393824
2439	0.394045
2440	0.394266
2441	0.394487
2442	0.394707
2443	0.394928
2444	0.395147
2445	0.395367
2446	0.395586
2447	0.395805
2448	0.396024
2449	0.396242
2450	0.39646
2451	0.396678
2452	0.396896
2453	0.397113
2454	0.39733
2455	0.397546
2456	0.397762
2457	0.397978
2458	0.398194
2459	0.398409
2460	0.398624
2461	0.398839
2462	0.399054
2463	0.399268
2464	0.399482
2465	0.399695
2466	0.399908
2467	0.400121
2468	0.400334
2469	0.400546
2470	0.400758
2471	0.40097
2472	0.401182
2473	0.401393
2474	0.401604
2475	0.401814
2476	0.402024
2477	0.402234
2478	0.402444
2479	0.402653
2480	0.402862
2481	0.403071
2482	0.40328
2483	0.403488
2484	0.403696
2485	0.403903
2486	0.40411
2487	0.404317
2488	0.404524
2489	0.40473
2490	0.404936
2491	0.405142
2492	0.405347
2493	0.405552
2494	0.405757
2495	0.405962
2496	0.406166
2497	0.40637
2498	0.406573
2499	0.406777
2500	0.40698
2501	0.407182
2502	0.407385
2503	0.407587
2504	0.407788
2505	0.40799
2506	0.408191
2507	0.408392
2508	0.408593
2509	0.408793
2510	0.408993
2511	0.409192
2512	0.409392
2513	0.409591
2514	0.409789
2515	0.409988
2516	0.410186
2517	0.410384
2518	0.410581
2519	0.410779
2520	0.410976
2521	0.411172
2522	0.411368
2523	0.411564
2524	0.41176
2525	0.411956
2526	0.412151
2527	0.412345
2528	0.41254
2529	0.412734
2530	0.412928
2531	0.413121
2532	0.413315
2533	0.413508
2534	0.4137
2535	0.413893
2536	0.414085
2537	0.414276
2538	0.414468
2539	0.414659
2540	0.41485
2541	0.41504
2542	0.415231
2543	0.41542
2544	0.41561
2545	0.415799
2546	0.415988
2547	0.416177
2548	0.416365
2549	0.416554
2550	0.416741
2551	0.416929
2552	0.417116
2553	0.417303
2554	0.417489
2555	0.417676
2556	0.417862
2557	0.418047
2558	0.418233
2559	0.418418
2560	0.418602
2561	0.418787
2562	0.418971
2563	0.419155
2564	0.419338
2565	0.419521
2566	0.419704
2567	0.419887
2568	0.420069
2569	0.420251
2570	0.420433
2571	0.420614
2572	0.420795
2573	0.420976
2574	0.421157
2575	0.421337
2576	0.421517
2577	0.421696
2578	0.421875
2579	0.422054
2580	0.422233
2581	0.422411
2582	0.422589
2583	0.422767
2584	0.422944
2585	0.423122
2586	0.423298
2587	0.423475
2588	0.423651
2589	0.423827
2590	0.424003
2591	0.424178
2592	0.424353
2593	0.424527
2594	0.424702
2595	0.424876
2596	0.42505
2597	0.425223
2598	0.425396
2599	0.425569
2600	0.425742
2601	0.425914
2602	0.426086
2603	0.426257
2604	0.426429
2605	0.4266
2606	0.426771
2607	0.426941
2608	0.427111
2609	0.427281
2610	0.42745
2611	0.42762
2612	0.427788
2613	0.427957
2614	0.428125
2615	0.428293
2616	0.428461
2617	0.428628
2618	0.428795
2619	0.428962
2620	0.429129
2621	0.429295
2622	0.429461
2623	0.429626
2624	0.429791
2625	0.429956
2626	0.430121
2627	0.430285
2628	0.430449
2629	0.430613
2630	0.430776
2631	0.43094
2632	0.431102
2633	0.431265
2634	0.431427
2635	0.431589
2636	0.431751
2637	0.431912
2638	0.432073
2639	0.432234
2640	0.432394
2641	0.432554
2642	0.432714
2643	0.432873
2644	0.433033
2645	0.433191
2646	0.43335
2647	0.433508
2648	0.433666
2649	0.433824
2650	0.433981
2651	0.434138
2652	0.434295
2653	0.434451
2654	0.434608
2655	0.434763
2656	0.434919
2657	0.435074
2658	0.435229
2659	0.435384
2660	0.435538
2661	0.435692
2662	0.435846
2663	0.435999
2664	0.436153
2665	0.436305
2666	0.436458
2667	0.43661
2668	0.436762
2669	0.436914
2670	0.437065
2671	0.437216
2672	0.437367
2673	0.437517
2674	0.437667
2675	0.437817
2676	0.437967
2677	0.438116
2678	0.438265
2679	0.438413
2680	0.438562
2681	0.43871
2682	0.438857
2683	0.439005
2684	0.439152
2685	0.439299
2686	0.439445
2687	0.439591
2688	0.439737
2689	0.439883
2690	0.440028
2691	0.440173
2692	0.440318
2693	0.440462
2694	0.440606
2695	0.44075
2696	0.440894
2697	0.441037
2698	0.44118
2699	0.441322
2700	0.441465
2701	0.441607
2702	0.441748
2703	0.44189
2704	0.442031
2705	0.442172
2706	0.442312
2707	0.442453
2708	0.442592
2709	0.442732
2710	0.442871
2711	0.44301
2712	0.443149
2713	0.443288
2714	0.443426
2715	0.443564
2716	0.443701
2717	0.443838
2718	0.443975
2719	0.444112
2720	0.444248
2721	0.444384
2722	0.44452
2723	0.444655
2724	0.444791
2725	0.444925
2726	0.44506
2727	0.445194
2728	0.445328
2729	0.445462
2730	0.445595
2731	0.445728
2732	0.445861
2733	0.445994
2734	0.446126
2735	0.446258
2736	0.446389
2737	0.446521
2738	0.446652
2739	0.446782
2740	0.446913
2741	0.447043
2742	0.447173
2743	0.447302
2744	0.447431
2745	0.44756
2746	0.447689
2747	0.447817
2748	0.447945
2749	0.448073
2750	0.4482
2751	0.448328
2752	0.448454
2753	0.448581
2754	0.448707
2755	0.448833
2756	0.448959
2757	0.449084
2758	0.44921
2759	0.449334
2760	0.449459
2761	0.449583
2762	0.449707
2763	0.449831
2764	0.449954
2765	0.450077
2766	0.4502
2767	0.450322
2768	0.450444
2769	0.450566
2770	0.450688
2771	0.450809
2772	0.45093
2773	0.451051
2774	0.451171
2775	0.451291
2776	0.451411
2777	0.451531
2778	0.45165
2779	0.451769
2780	0.451888
2781	0.452006
2782	0.452124
2783	0.452242
2784	0.452359
2785	0.452477
2786	0.452594
2787	0.45271
2788	0.452826
2789	0.452943
2790	0.453058
2791	0.453174
2792	0.453289
2793	0.453404
2794	0.453518
2795	0.453633
2796	0.453747
2797	0.45386
2798	0.453974
2799	0.454087
2800	0.4542
2801	0.454312
2802	0.454425
2803	0.454537
2804	0.454648
2805	0.45476
2806	0.454871
2807	0.454982
2808	0.455092
2809	0.455203
2810	0.455313
2811	0.455422
2812	0.455532
2813	0.455641
2814	0.45575
2815	0.455858
2816	0.455966
2817	0.456074
2818	0.456182
2819	0.45629
2820	0.456397
2821	0.456503
2822	0.45661
2823	0.456716
2824	0.456822
2825	0.456928
2826	0.457033
2827	0.457138
2828	0.457243
2829	0.457348
2830	0.457452
2831	0.457556
2832	0.45766
2833	0.457763
2834	0.457866
2835	0.457969
2836	0.458071
2837	0.458174
2838	0.458276
2839	0.458377
2840	0.458479
2841	0.45858
2842	0.458681
2843	0.458781
2844	0.458882
2845	0.458982
2846	0.459081
2847	0.459181
2848	0.45928
2849	0.459379
2850	0.459477
2851	0.459576
2852	0.459674
2853	0.459771
2854	0.459869
2855	0.459966
2856	0.460063
2857	0.460159
2858	0.460256
2859	0.460352
2860	0.460448
2861	0.460543
2862	0.460638
2863	0.460733
2864	0.460828
2865	0.460922
2866	0.461016
2867	0.46111
2868	0.461203
2869	0.461297
2870	0.46139
2871	0.461482
2872	0.461575
2873	0.461667
2874	0.461759
2875	0.46185
2876	0.461942
2877	0.462033
2878	0.462123
2879	0.462214
2880	0.462304
2881	0.462394
2882	0.462483
2883	0.462573
2884	0.462662
2885	0.462751
2886	0.462839
2887	0.462927
2888	0.463015
2889	0.463103
2890	0.46319
2891	0.463277
2892	0.463364
2893	0.463451
2894	0.463537
2895	0.463623
2896	0.463709
2897	0.463794
2898	0.46388
2899	0.463965
2900	0.464049
2901	0.464134
2902	0.464218
2903	0.464301
2904	0.464385
2905	0.464468
2906	0.464551
2907	0.464634
2908	0.464716
2909	0.464799
2910	0.46488
2911	0.464962
2912	0.465043
2913	0.465125
2914	0.465205
2915	0.465286
2916	0.465366
2917	0.465446
2918	0.465526
2919	0.465605
2920	0.465685
2921	0.465763
2922	0.465842
2923	0.46592
2924	0.465998
2925	0.466076
2926	0.466154
2927	0.466231
2928	0.466308
2929	0.466385
2930	0.466461
2931	0.466538
2932	0.466613
2933	0.466689
2934	0.466765
2935	0.46684
2936	0.466914
2937	0.466989
2938	0.467063
2939	0.467137
2940	0.467211
2941	0.467285
2942	0.467358
2943	0.467431
2944	0.467504
2945	0.467576
2946	0.467648
2947	0.46772
2948	0.467792
2949	0.467863
2950	0.467934
2951	0.468005
2952	0.468076
2953	0.468146
2954	0.468216
2955	0.468286
2956	0.468355
2957	0.468424
2958	0.468493
2959	0.468562
2960	0.468631
2961	0.468699
2962	0.468767
2963	0.468834
2964	0.468902
2965	0.468969
2966	0.469036
2967	0.469102
2968	0.469169
2969	0.469235
2970	0.4693
2971	0.469366
2972	0.469431
2973	0.469496
2974	0.469561
2975	0.469626
2976	0.46969
2977	0.469754
2978	0.469817
2979	0.469881
2980	0.469944
2981	0.470007
2982	0.47007
2983	0.470132
2984	0.470194
2985	0.470256
2986	0.470318
2987	0.470379
2988	0.47044
2989	0.470501
2990	0.470561
2991	0.470622
2992	0.470682
2993	0.470742
2994	0.470801
2995	0.47086
2996	0.470919
2997	0.470978
2998	0.471037
2999	0.471095
3000	0.471153
3001	0.471211
3002	0.471268
3003	0.471325
3004	0.471382
3005	0.471439
3006	0.471495
3007	0.471551
3008	0.471607
3009	0.471663
3010	0.471718
3011	0.471774
3012	0.471829
3013	0.471883
3014	0.471938
3015	0.471992
3016	0.472046
3017	0.472099
3018	0.472153
3019	0.472206
3020	0.472258
3021	0.472311
3022	0.472363
3023	0.472416
3024	0.472467
3025	0.472519
3026	0.47257
3027	0.472621
3028	0.472672
3029	0.472723
3030	0.472773
3031	0.472823
3032	0.472873
3033	0.472923
3034	0.472972
3035	0.473021
3036	0.47307
3037	0.473118
3038	0.473167
3039	0.473215
3040	0.473262
3041	0.47331
3042	0.473357
3043	0.473404
3044	0.473451
3045	0.473498
3046	0.473544
3047	0.47359
3048	0.473636
3049	0.473681
3050	0.473727
3051	0.473772
3052	0.473817
3053	0.473861
3054	0.473905
3055	0.473949
3056	0.473993
3057	0.474037
3058	0.47408
3059	0.474123
3060	0.474166
3061	0.474209
3062	0.474251
3063	0.474293
3064	0.474335
3065	0.474377
3066	0.474418
3067	0.474459
3068	0.4745
3069	0.47454
3070	0.474581
3071	0.474621
3072	0.474661
3073	0.4747
3074	0.47474
3075	0.474779
3076	0.474818
3077	0.474857
3078	0.474895
3079	0.474933
3080	0.474971
3081	0.475009
3082	0.475046
3083	0.475083
3084	0.47512
3085	0.475157
3086	0.475193
3087	0.47523
3088	0.475266
3089	0.475301
3090	0.475337
3091	0.475372
3092	0.475407
3093	0.475442
3094	0.475477
3095	0.475511
3096	0.475545
3097	0.475579
3098	0.475612
3099	0.475646
3100	0.475679
3101	0.475712
3102	0.475744
3103	0.475777
3104	0.475809
3105	0.475841
3106	0.475872
3107	0.475904
3108	0.475935
3109	0.475966
3110	0.475997
3111	0.476027
3112	0.476057
3113	0.476087
3114	0.476117
3115	0.476147
3116	0.476176
3117	0.476205
3118	0.476234
3119	0.476262
3120	0.476291
3121	0.476319
3122	0.476347
3123	0.476374
3124	0.476402
3125	0.476429
3126	0.476456
3127	0.476483
3128	0.476509
3129	0.476535
3130	0.476561
3131	0.476587
3132	0.476613
3133	0.476638
3134	0.476663
3135	0.476688
3136	0.476712
3137	0.476737
3138	0.476761
3139	0.476785
3140	0.476809
3141	0.476832
3142	0.476855
3143	0.476878
3144	0.476901
3145	0.476924
3146	0.476946
3147	0.476968
3148	0.47699
3149	0.477011
3150	0.477033
3151	0.477054
3152	0.477075
3153	0.477095
3154	0.477116
3155	0.477136
3156	0.477156
3157	0.477176
3158	0.477195
3159	0.477215
3160	0.477234
3161	0.477253
3162	0.477271
3163	0.47729
3164	0.477308
3165	0.477326
3166	0.477344
3167	0.477361
3168	0.477378
3169	0.477395
3170	0.477412
3171	0.477429
3172	0.477445
3173	0.477461
3174	0.477477
3175	0.477493
3176	0.477509
3177	0.477524
3178	0.477539
3179	0.477554
3180	0.477568
3181	0.477583
3182	0.477597
3183	0.477611
3184	0.477624
3185	0.477638
3186	0.477651
3187	0.477664
3188	0.477677
3189	0.477689
3190	0.477702
3191	0.477714
3192	0.477726
3193	0.477737
3194	0.477749
3195	0.47776
3196	0.477771
3197	0.477782
3198	0.477793
3199	0.477803
3200	0.477813
3201	0.477823
3202	0.477833
3203	0.477842
3204	0.477852
3205	0.477861
3206	0.477869
3207	0.477878
3208	0.477886
3209	0.477895
3210	0.477903
3211	0.47791
3212	0.477918
3213	0.477925
3214	0.477932
3215	0.477939
3216	0.477946
3217	0.477952
3218	0.477958
3219	0.477964
3220	0.47797
3221	0.477976
3222	0.477981
3223	0.477986
3224	0.477991
3225	0.477996
3226	0.478
3227	0.478005
3228	0.478009
3229	0.478013
3230	0.478016
3231	0.47802
3232	0.478023
3233	0.478026
3234	0.478029
3235	0.478031
3236	0.478034
3237	0.478036
3238	0.478038
3239	0.47804
3240	0.478041
3241	0.478042
3242	0.478044
3243	0.478044
3244	0.478045
3245	0.478046
3246	0.478046
3247	0.478046
3248	0.478046
3249	0.478045
3250	0.478045
3251	0.478044
3252	0.478043
3253	0.478042
3254	0.47804
3255	0.478039
3256	0.478037
3257	0.478035
3258	0.478033
3259	0.47803
3260	0.478028
3261	0.478025
3262	0.478022
3263	0.478018
3264	0.478015
3265	0.478011
3266	0.478007
3267	0.478003
3268	0.477999
3269	0.477994
3270	0.47799
3271	0.477985
3272	0.477979
3273	0.477974
3274	0.477969
3275	0.477963
3276	0.477957
3277	0.477951
3278	0.477944
3279	0.477938
3280	0.477931
3281	0.477924
3282	0.477917
3283	0.477909
3284	0.477902
3285	0.477894
3286	0.477886
3287	0.477878
3288	0.477869
3289	0.477861
3290	0.477852
3291	0.477843
3292	0.477834
3293	0.477824
3294	0.477815
3295	0.477805
3296	0.477795
3297	0.477785
3298	0.477774
3299	0.477764
3300	0.477753
3301	0.477742
3302	0.477731
3303	0.477719
3304	0.477708
3305	0.477696
3306	0.477684
3307	0.477672
3308	0.47766
3309	0.477647
3310	0.477634
3311	0.477621
3312	0.477608
3313	0.477595
3314	0.477581
3315	0.477567
3316	0.477553
3317	0.477539
3318	0.477525
3319	0.47751
3320	0.477495
3321	0.477481
3322	0.477465
3323	0.47745
3324	0.477435
3325	0.477419
3326	0.477403
3327	0.477387
3328	0.47737
3329	0.477354
3330	0.477337
3331	0.47732
3332	0.477303
3333	0.477286
3334	0.477269
3335	0.477251
3336	0.477233
3337	0.477215
3338	0.477197
3339	0.477178
3340	0.47716
3341	0.477141
3342	0.477122
3343	0.477103
3344	0.477083
3345	0.477064
3346	0.477044
3347	0.477024
3348	0.477004
3349	0.476984
3350	0.476963
3351	0.476942
3352	0.476922
3353	0.476901
3354	0.476879
3355	0.476858
3356	0.476836
3357	0.476814
3358	0.476792
3359	0.47677
3360	0.476748
3361	0.476725
3362	0.476702
3363	0.476679
3364	0.476656
3365	0.476633
3366	0.476609
3367	0.476586
3368	0.476562
3369	0.476538
3370	0.476513
3371	0.476489
3372	0.476464
3373	0.47644
3374	0.476415
3375	0.476389
3376	0.476364
3377	0.476338
3378	0.476313
3379	0.476287
3380	0.476261
3381	0.476234
3382	0.476208
3383	0.476181
3384	0.476154
3385	0.476127
3386	0.4761
3387	0.476073
3388	0.476045
3389	0.476018
3390	0.47599
3391	0.475962
3392	0.475933
3393	0.475905
3394	0.475876
3395	0.475847
3396	0.475818
3397	0.475789
3398	0.47576
3399	0.47573
3400	0.4757
3401	0.475671
3402	0.475641
3403	0.47561
3404	0.47558
3405	0.475549
3406	0.475518
3407	0.475487
3408	0.475456
3409	0.475425
3410	0.475393
3411	0.475362
3412	0.47533
3413	0.475298
3414	0.475266
3415	0.475233
3416	0.475201
3417	0.475168
3418	0.475135
3419	0.475102
3420	0.475069
3421	0.475035
3422	0.475002
3423	0.474968
3424	0.474934
3425	0.4749
3426	0.474865
3427	0.474831
3428	0.474796
3429	0.474761
3430	0.474726
3431	0.474691
3432	0.474656
3433	0.47462
3434	0.474585
3435	0.474549
3436	0.474513
3437	0.474477
3438	0.47444
3439	0.474404
3440	0.474367
3441	0.47433
3442	0.474293
3443	0.474256
3444	0.474218
3445	0.474181
3446	0.474143
3447	0.474105
3448	0.474067
3449	0.474029
3450	0.47399
3451	0.473952
3452	0.473913
3453	0.473874
3454	0.473835
3455	0.473796
3456	0.473756
3457	0.473716
3458	0.473677
3459	0.473637
3460	0.473597
3461	0.473556
3462	0.473516
3463	0.473475
3464	0.473435
3465	0.473394
3466	0.473352
3467	0.473311
3468	0.47327
3469	0.473228
3470	0.473186
3471	0.473144
3472	0.473102
3473	0.47306
3474	0.473018
3475	0.472975
3476	0.472932
3477	0.472889
3478	0.472846
3479	0.472803
3480	0.47276
3481	0.472716
3482	0.472672
3483	0.472628
3484	0.472584
3485	0.47254
3486	0.472496
3487	0.472451
3488	0.472406
3489	0.472362
3490	0.472316
3491	0.472271
3492	0.472226
3493	0.47218
3494	0.472135
3495	0.472089
3496	0.472043
3497	0.471997
3498	0.47195
3499	0.471904
3500	0.471857
3501	0.47181
3502	0.471764
3503	0.471716
3504	0.471669
3505	0.471622
3506	0.471574
3507	0.471526
3508	0.471478
3509	0.47143
3510	0.471382
3511	0.471334
3512	0.471285
3513	0.471237
3514	0.471188
3515	0.471139
3516	0.471089
3517	0.47104
3518	0.470991
3519	0.470941
3520	0.470891
3521	0.470841
3522	0.470791
3523	0.470741
3524	0.470691
3525	0.47064
3526	0.470589
3527	0.470538
3528	0.470487
3529	0.470436
3530	0.470385
3531	0.470333
3532	0.470282
3533	0.47023
3534	0.470178
3535	0.470126
3536	0.470074
3537	0.470021
3538	0.469969
3539	0.469916
3540	0.469863
3541	0.46981
3542	0.469757
3543	0.469704
3544	0.46965
3545	0.469597
3546	0.469543
3547	0.469489
3548	0.469435
3549	0.469381
3550	0.469326
3551	0.469272
3552	0.469217
3553	0.469162
3554	0.469107
3555	0.469052
3556	0.468997
3557	0.468942
3558	0.468886
3559	0.46883
3560	0.468774
3561	0.468718
3562	0.468662
3563	0.468606
3564	0.46855
3565	0.468493
3566	0.468436
3567	0.468379
3568	0.468322
3569	0.468265
3570	0.468208
3571	0.46815
3572	0.468093
3573	0.468035
3574	0.467977
3575	0.467919
3576	0.467861
3577	0.467803
3578	0.467744
3579	0.467686
3580	0.467627
3581	0.467568
3582	0.467509
3583	0.46745
3584	0.46739
3585	0.467331
3586	0.467271
3587	0.467211
3588	0.467151
3589	0.467091
3590	0.467031
3591	0.466971
3592	0.46691
3593	0.46685
3594	0.466789
3595	0.466728
3596	0.466667
3597	0.466606
3598	0.466545
3599	0.466483
3600	0.466421
3601	0.46636
3602	0.466298
3603	0.466236
3604	0.466174
3605	0.466111
3606	0.466049
3607	0.465986
3608	0.465924
3609	0.465861
3610	0.465798
3611	0.465735
3612	0.465671
3613	0.465608
3614	0.465544
3615	0.465481
3616	0.465417
3617	0.465353
3618	0.465289
3619	0.465225
3620	0.46516
3621	0.465096
3622	0.465031
3623	0.464966
3624	0.464901
3625	0.464836
3626	0.464771
3627	0.464706
3628	0.46464
3629	0.464575
3630	0.464509
3631	0.464443
3632	0.464377
3633	0.464311
3634	0.464245
3635	0.464178
3636	0.464112
3637	0.464045
3638	0.463978
3639	0.463912
3640	0.463844
3641	0.463777
3642	0.46371
3643	0.463642
3644	0.463575
3645	0.463507
3646	0.463439
3647	0.463371
3648	0.463303
3649	0.463235
3650	0.463167
3651	0.463098
3652	0.463029
3653	0.462961
3654	0.462892
3655	0.462823
3656	0.462754
3657	0.462684
3658	0.462615
3659	0.462545
3660	0.462476
3661	0.462406
3662	0.462336
3663	0.462266
3664	0.462196
3665	0.462125
3666	0.462055
3667	0.461984
3668	0.461914
3669	0.461843
3670	0.461772
3671	0.461701
3672	0.46163
3673	0.461558
3674	0.461487
3675	0.461415
3676	0.461343
3677	0.461272
3678	0.4612
3679	0.461128
3680	0.461055
3681	0.460983
3682	0.46091
3683	0.460838
3684	0.460765
3685	0.460692
3686	0.460619
3687	0.460546
3688	0.460473
3689	0.4604
3690	0.460326
3691	0.460253
3692	0.460179
3693	0.460105
3694	0.460031
3695	0.459957
3696	0.459883
3697	0.459809
3698	0.459734
3699	0.45966
3700	0.459585
3701	0.45951
3702	0.459435
3703	0.45936
3704	0.459285
3705	0.45921
3706	0.459134
3707	0.459059
3708	0.458983
3709	0.458907
3710	0.458831
3711	0.458755
3712	0.458679
3713	0.458603
3714	0.458526
3715	0.45845
3716	0.458373
3717	0.458297
3718	0.45822
3719	0.458143
3720	0.458066
3721	0.457988
3722	0.457911
3723	0.457834
3724	0.457756
3725	0.457678
3726	0.457601
3727	0.457523
3728	0.457445
3729	0.457367
3730	0.457288
3731	0.45721
3732	0.457131
3733	0.457053
3734	0.456974
3735	0.456895
3736	0.456816
3737	0.456737
3738	0.456658
3739	0.456579
3740	0.456499
3741	0.45642
3742	0.45634
3743	0.45626
3744	0.45618
3745	0.4561
3746	0.45602
3747	0.45594
3748	0.45586
3749	0.455779
3750	0.455699
3751	0.455618
3752	0.455537
3753	0.455456
3754	0.455375
3755	0.455294
3756	0.455213
3757	0.455132
3758	0.45505
3759	0.454969
3760	0.454887
3761	0.454805
3762	0.454723
3763	0.454641
3764	0.454559
3765	0.454477
3766	0.454395
3767	0.454312
3768	0.454229
3769	0.454147
3770	0.454064
3771	0.453981
3772	0.453898
3773	0.453815
3774	0.453732
3775	0.453648
3776	0.453565
3777	0.453481
3778	0.453398
3779	0.453314
3780	0.45323
3781	0.453146
3782	0.453062
3783	0.452978
3784	0.452894
3785	0.452809
3786	0.452725
3787	0.45264
3788	0.452555
3789	0.45247
3790	0.452386
3791	0.4523
3792	0.452215
3793	0.45213
3794	0.452045
3795	0.451959
3796	0.451874
3797	0.451788
3798	0.451702
3799	0.451616
3800	0.45153
3801	0.451444
3802	0.451358
3803	0.451272
3804	0.451185
3805	0.451099
3806	0.451012
3807	0.450925
3808	0.450839
3809	0.450752
3810	0.450665
3811	0.450578
3812	0.45049
3813	0.450403
3814	0.450315
3815	0.450228
3816	0.45014
3817	0.450053
3818	0.449965
3819	0.449877
3820	0.449789
3821	0.449701
3822	0.449612
3823	0.449524
3824	0.449435
3825	0.449347
3826	0.449258
3827	0.44917
3828	0.449081
3829	0.448992
3830	0.448903
3831	0.448814
3832	0.448724
3833	0.448635
3834	0.448545
3835	0.448456
3836	0.448366
3837	0.448277
3838	0.448187
3839	0.448097
3840	0.448007
3841	0.447917
3842	0.447826
3843	0.447736
3844	0.447646
3845	0.447555
3846	0.447464
3847	0.447374
3848	0.447283
3849	0.447192
3850	0.447101
3851	0.44701
3852	0.446919
3853	0.446827
3854	0.446736
3855	0.446644
3856	0.446553
3857	0.446461
3858	0.446369
3859	0.446278
3860	0.446186
3861	0.446094
3862	0.446001
3863	0.445909
3864	0.445817
3865	0.445724
3866	0.445632
3867	0.445539
3868	0.445446
3869	0.445354
3870	0.445261
3871	0.445168
3872	0.445075
3873	0.444982
3874	0.444888
3875	0.444795
3876	0.444701
3877	0.444608
3878	0.444514
3879	0.444421
3880	0.444327
3881	0.444233
3882	0.444139
3883	0.444045
3884	0.44395
3885	0.443856
3886	0.443762
3887	0.443667
3888	0.443573
3889	0.443478
3890	0.443383
3891	0.443289
3892	0.443194
3893	0.443099
3894	0.443004
3895	0.442908
3896	0.442813
3897	0.442718
3898	0.442622
3899	0.442527
3900	0.442431
3901	0.442336
3902	0.44224
3903	0.442144
3904	0.442048
3905	0.441952
3906	0.441856
3907	0.441759
3908	0.441663
3909	0.441567
3910	0.44147
3911	0.441374
3912	0.441277
3913	0.44118
3914	0.441083
3915	0.440987
3916	0.44089
3917	0.440792
3918	0.440695
3919	0.440598
3920	0.440501
3921	0.440403
3922	0.440306
3923	0.440208
3924	0.44011
3925	0.440013
3926	0.439915
3927	0.439817
3928	0.439719
3929	0.439621
3930	0.439522
3931	0.439424
3932	0.439326
3933	0.439227
3934	0.439129
3935	0.43903
3936	0.438932
3937	0.438833
3938	0.438734
3939	0.438635
3940	0.438536
3941	0.438437
3942	0.438338
3943	0.438238
3944	0.438139
3945	0.43804
3946	0.43794
3947	0.437841
3948	0.437741
3949	0.437641
3950	0.437541
3951	0.437441
3952	0.437341
3953	0.437241
3954	0.437141
3955	0.437041
3956	0.436941
3957	0.43684
3958	0.43674
3959	0.436639
3960	0.436539
3961	0.436438
3962	0.436337
3963	0.436236
3964	0.436135
3965	0.436034
3966	0.435933
3967	0.435832
3968	0.435731
3969	0.435629
3970	0.435528
3971	0.435426
3972	0.435325
3973	0.435223
3974	0.435122
3975	0.43502
3976	0.434918
3977	0.434816
3978	0.434714
3979	0.434612
3980	0.43451
3981	0.434407
3982	0.434305
3983	0.434203
3984	0.4341
3985	0.433998
3986	0.433895
3987	0.433792
3988	0.433689
3989	0.433587
3990	0.433484
3991	0.433381
3992	0.433278
3993	0.433174
3994	0.433071
3995	0.432968
3996	0.432865
3997	0.432761
3998	0.432658
3999	0.432554
4000	0.43245
4001	0.432347
4002	0.432243
4003	0.432139
4004	0.432035
4005	0.431931
4006	0.431827
4007	0.431723
4008	0.431618
4009	0.431514
4010	0.43141
4011	0.431305
4012	0.431201
4013	0.431096
4014	0.430991
4015	0.430887
4016	0.430782
4017	0.430677
4018	0.430572
4019	0.430467
4020	0.430362
4021	0.430257
4022	0.430151
4023	0.430046
4024	0.429941
4025	0.429835
4026	0.42973
4027	0.429624
4028	0.429519
4029	0.429413
4030	0.429307
4031	0.429201
4032	0.429095
4033	0.428989
4034	0.428883
4035	0.428777
4036	0.428671
4037	0.428565
4038	0.428458
4039	0.428352
4040	0.428245
4041	0.428139
4042	0.428032
4043	0.427926
4044	0.427819
4045	0.427712
4046	0.427605
4047	0.427498
4048	0.427391
4049	0.427284
4050	0.427177
4051	0.42707
4052	0.426962
4053	0.426855
4054	0.426748
4055	0.42664
4056	0.426533
4057	0.426425
4058	0.426318
4059	0.42621
4060	0.426102
4061	0.425994
4062	0.425886
4063	0.425778
4064	0.42567
4065	0.425562
4066	0.425454
4067	0.425346
4068	0.425237
4069	0.425129
4070	0.425021
4071	0.424912
4072	0.424804
4073	0.424695
4074	0.424586
4075	0.424478
4076	0.424369
4077	0.42426
4078	0.424151
4079	0.424042
4080	0.423933
4081	0.423824
4082	0.423715
4083	0.423605
4084	0.423496
4085	0.423387
4086	0.423277
4087	0.423168
4088	0.423058
4089	0.422949
4090	0.422839
4091	0.422729
4092	0.42262
4093	0.42251
4094	0.4224
4095	0.42229
4096	0.42218
4097	0.42207
4098	0.42196
4099	0.421849
4100	0.421739
4101	0.421629
4102	0.421518
4103	0.421408
4104	0.421298
4105	0.421187
4106	0.421076
4107	0.420966
4108	0.420855
4109	0.420744
4110	0.420633
4111	0.420522
4112	0.420411
4113	0.4203
4114	0.420189
4115	0.420078
4116	0.419967
4117	0.419856
4118	0.419745
4119	0.419633
4120	0.419522
4121	0.41941
4122	0.419299
4123	0.419187
4124	0.419076
4125	0.418964
4126	0.418852
4127	0.41874
4128	0.418629
4129	0.418517
4130	0.418405
4131	0.418293
4132	0.418181
4133	0.418068
4134	0.417956
4135	0.417844
4136	0.417732
4137	0.417619
4138	0.417507
4139	0.417395
4140	0.417282
4141	0.417169
4142	0.417057
4143	0.416944
4144	0.416831
4145	0.416719
4146	0.416606
4147	0.416493
4148	0.41638
4149	0.416267
4150	0.416154
4151	0.416041
4152	0.415928
4153	0.415815
4154	0.415701
4155	0.415588
4156	0.415475
4157	0.415361
4158	0.415248
4159	0.415134
4160	0.415021
4161	0.414907
4162	0.414794
4163	0.41468
4164	0.414566
4165	0.414452
4166	0.414338
4167	0.414224
4168	0.414111
4169	0.413997
4170	0.413882
4171	0.413768
4172	0.413654
4173	0.41354
4174	0.413426
4175	0.413311
4176	0.413197
4177	0.413083
4178	0.412968
4179	0.412854
4180	0.412739
4181	0.412625
4182	0.41251
4183	0.412395
4184	0.41228
4185	0.412166
4186	0.412051
4187	0.411936
4188	0.411821
4189	0.411706
4190	0.411591
4191	0.411476
4192	0.411361
4193	0.411246
4194	0.41113
4195	0.411015
4196	0.4109
4197	0.410785
4198	0.410669
4199	0.410554
4200	0.410438
4201	0.410323
4202	0.410207
4203	0.410091
4204	0.409976
4205	0.40986
4206	0.409744
4207	0.409628
4208	0.409513
4209	0.409397
4210	0.409281
4211	0.409165
4212	0.409049
4213	0.408933
4214	0.408817
4215	0.4087
4216	0.408584
4217	0.408468
4218	0.408352
4219	0.408235
4220	0.408119
4221	0.408002
4222	0.407886
4223	0.407769
4224	0.407653
4225	0.407536
4226	0.40742
4227	0.407303
4228	0.407186
4229	0.407069
4230	0.406953
4231	0.406836
4232	0.406719
4233	0.406602
4234	0.406485
4235	0.406368
4236	0.406251
4237	0.406134
4238	0.406017
4239	0.405899
4240	0.405782
4241	0.405665
4242	0.405548
4243	0.40543
4244	0.405313
4245	0.405195
4246	0.405078
4247	0.40496
4248	0.404843
4249	0.404725
4250	0.404608
4251	0.40449
4252	0.404372
4253	0.404254
4254	0.404137
4255	0.404019
4256	0.403901
4257	0.403783
4258	0.403665
4259	0.403547
4260	0.403429
4261	0.403311
4262	0.403193
4263	0.403075
4264	0.402956
4265	0.402838
4266	0.40272
4267	0.402602
4268	0.402483
4269	0.402365
4270	0.402247
4271	0.402128
4272	0.40201
4273	0.401891
4274	0.401773
4275	0.401654
4276	0.401535
4277	0.401417
4278	0.401298
4279	0.401179
4280	0.40106
4281	0.400942
4282	0.400823
4283	0.400704
4284	0.400585
4285	0.400466
4286	0.400347
4287	0.400228
4288	0.400109
4289	0.39999
4290	0.399871
4291	0.399751
4292	0.399632
4293	0.399513
4294	0.399394
4295	0.399274
4296	0.399155
4297	0.399036
4298	0.398916
4299	0.398797
4300	0.398677
4301	0.398558
4302	0.398438
4303	0.398319
4304	0.398199
4305	0.398079
4306	0.39796
4307	0.39784
4308	0.39772
4309	0.3976
4310	0.397481
4311	0.397361
4312	0.397241
4313	0.397121
4314	0.397001
4315	0.396881
4316	0.396761
4317	0.396641
4318	0.396521
4319	0.396401
4320	0.396281
4321	0.39616
4322	0.39604
4323	0.39592
4324	0.3958
4325	0.395679
4326	0.395559
4327	0.395439
4328	0.395318
4329	0.395198
4330	0.395077
4331	0.394957
4332	0.394836
4333	0.394716
4334	0.394595
4335	0.394475
4336	0.394354
4337	0.394233
4338	0.394113
4339	0.393992
4340	0.393871
4341	0.39375
4342	0.39363
4343	0.393509
4344	0.393388
4345	0.393267
4346	0.393146
4347	0.393025
4348	0.392904
4349	0.392783
4350	0.392662
4351	0.392541
4352	0.39242
4353	0.392299
4354	0.392178
4355	0.392056
4356	0.391935
4357	0.391814
4358	0.391693
4359	0.391571
4360	0.39145
4361	0.391329
4362	0.391207
4363	0.391086
4364	0.390964
4365	0.390843
4366	0.390722
4367	0.3906
4368	0.390478
4369	0.390357
4370	0.390235
4371	0.390114
4372	0.389992
4373	0.38987
4374	0.389749
4375	0.389627
4376	0.389505
4377	0.389383
4378	0.389262
4379	0.38914
4380	0.389018
4381	0.388896
4382	0.388774
4383	0.388652
4384	0.38853
4385	0.388408
4386	0.388286
4387	0.388164
4388	0.388042
4389	0.38792
4390	0.387798
4391	0.387676
4392	0.387554
4393	0.387432
4394	0.387309
4395	0.387187
4396	0.387065
4397	0.386943
4398	0.38682
4399	0.386698
4400	0.386576
4401	0.386453
4402	0.386331
4403	0.386209
4404	0.386086
4405	0.385964
4406	0.385841
4407	0.385719
4408	0.385596
4409	0.385474
4410	0.385351
4411	0.385229
4412	0.385106
4413	0.384983
4414	0.384861
4415	0.384738
4416	0.384615
4417	0.384493
4418	0.38437
4419	0.384247
4420	0.384124
4421	0.384002
4422	0.383879
4423	0.383756
4424	0.383633
4425	0.38351
4426	0.383387
4427	0.383264
4428	0.383141
4429	0.383018
4430	0.382895
4431	0.382772
4432	0.382649
4433	0.382526
4434	0.382403
4435	0.38228
4436	0.382157
4437	0.382034
4438	0.381911
4439	0.381788
4440	0.381665
4441	0.381541
4442	0.381418
4443	0.381295
4444	0.381172
4445	0.381048
4446	0.380925
4447	0.380802
4448	0.380679
4449	0.380555
4450	0.380432
4451	0.380308
4452	0.380185
4453	0.380062
4454	0.379938
4455	0.379815
4456	0.379691
4457	0.379568
4458	0.379444
4459	0.379321
4460	0.379197
4461	0.379074
4462	0.37895
4463	0.378827
4464	0.378703
4465	0.378579
4466	0.378456
4467	0.378332
4468	0.378208
4469	0.378085
4470	0.377961
4471	0.377837
4472	0.377714
4473	0.37759
4474	0.377466
4475	0.377342
4476	0.377218
4477	0.377095
4478	0.376971
4479	0.376847
4480	0.376723
4481	0.376599
4482	0.376475
4483	0.376351
4484	0.376228
4485	0.376104
4486	0.37598
4487	0.375856
4488	0.375732
4489	0.375608
4490	0.375484
4491	0.37536
4492	0.375236
4493	0.375112
4494	0.374988
4495	0.374864
4496	0.374739
4497	0.374615
4498	0.374491
4499	0.374367
4500	0.374243
4501	0.374119
4502	0.373995
4503	0.37387
4504	0.373746
4505	0.373622
4506	0.373498
4507	0.373374
4508	0.373249
4509	0.373125
4510	0.373001
4511	0.372877
4512	0.372752
4513	0.372628
4514	0.372504
4515	0.372379
4516	0.372255
4517	0.372131
4518	0.372006
4519	0.371882
4520	0.371758
4521	0.371633
4522	0.371509
4523	0.371384
4524	0.37126
4525	0.371136
4526	0.371011
4527	0.370887
4528	0.370762
4529	0.370638
4530	0.370513
4531	0.370389
4532	0.370264
4533	0.37014
4534	0.370015
4535	0.369891
4536	0.369766
4537	0.369642
4538	0.369517
4539	0.369392
4540	0.369268
4541	0.369143
4542	0.369019
4543	0.368894
4544	0.368769
4545	0.368645
4546	0.36852
4547	0.368396
4548	0.368271
4549	0.368146
4550	0.368022
4551	0.367897
4552	0.367772
4553	0.367647
4554	0.367523
4555	0.367398
4556	0.367273
4557	0.367149
4558	0.367024
4559	0.366899
4560	0.366774
4561	0.36665
4562	0.366525
4563	0.3664
4564	0.366275
4565	0.36615
4566	0.366026
4567	0.365901
4568	0.365776
4569	0.365651
4570	0.365526
4571	0.365402
4572	0.365277
4573	0.365152
4574	0.365027
4575	0.364902
4576	0.364777
4577	0.364652
4578	0.364528
4579	0.364403
4580	0.364278
4581	0.364153
4582	0.364028
4583	0.363903
4584	0.363778
4585	0.363653
4586	0.363528
4587	0.363404
4588	0.363279
4589	0.363154
4590	0.363029
4591	0.362904
4592	0.362779
4593	0.362654
4594	0.362529
4595	0.362404
4596	0.362279
4597	0.362154
4598	0.362029
4599	0.361904
4600	0.361779
4601	0.361654
4602	0.361529
4603	0.361404
4604	0.361279
4605	0.361154
4606	0.361029
4607	0.360904
4608	0.360779
4609	0.360654
4610	0.360529
4611	0.360404
4612	0.360279
4613	0.360154
4614	0.360029
4615	0.359904
4616	0.359779
4617	0.359654
4618	0.359529
4619	0.359404
4620	0.359279
4621	0.359154
4622	0.359029
4623	0.358904
4624	0.358779
4625	0.358654
4626	0.358529
4627	0.358403
4628	0.358278
4629	0.358153
4630	0.358028
4631	0.357903
4632	0.357778
4633	0.357653
4634	0.357528
4635	0.357403
4636	0.357278
4637	0.357153
4638	0.357028
4639	0.356903
4640	0.356778
4641	0.356653
4642	0.356527
4643	0.356402
4644	0.356277
4645	0.356152
4646	0.356027
4647	0.355902
4648	0.355777
4649	0.355652
4650	0.355527
4651	0.355402
4652	0.355277
4653	0.355152
4654	0.355027
4655	0.354902
4656	0.354777
4657	0.354651
4658	0.354526
4659	0.354401
4660	0.354276
4661	0.354151
4662	0.354026
4663	0.353901
4664	0.353776
4665	0.353651
4666	0.353526
4667	0.353401
4668	0.353276
4669	0.353151
4670	0.353026
4671	0.352901
4672	0.352776
4673	0.352651
4674	0.352526
4675	0.352401
4676	0.352276
4677	0.35215
4678	0.352025
4679	0.3519
4680	0.351775
4681	0.35165
4682	0.351525
4683	0.3514
4684	0.351275
4685	0.35115
4686	0.351025
4687	0.3509
4688	0.350775
4689	0.35065
4690	0.350525
4691	0.3504
4692	0.350275
4693	0.35015
4694	0.350025
4695	0.3499
4696	0.349775
4697	0.349651
4698	0.349526
4699	0.349401
4700	0.349276
4701	0.349151
4702	0.349026
4703	0.348901
4704	0.348776
4705	0.348651
4706	0.348526
4707	0.348401
4708	0.348276
4709	0.348151
4710	0.348026
4711	0.347902
4712	0.347777
4713	0.347652
4714	0.347527
4715	0.347402
4716	0.347277
4717	0.347152
4718	0.347027
4719	0.346903
4720	0.346778
4721	0.346653
4722	0.346528
4723	0.346403
4724	0.346278
4725	0.346154
4726	0.346029
4727	0.345904
4728	0.345779
4729	0.345654
4730	0.34553
4731	0.345405
4732	0.34528
4733	0.345155
4734	0.345031
4735	0.344906
4736	0.344781
4737	0.344656
4738	0.344532
4739	0.344407
4740	0.344282
4741	0.344157
4742	0.344033
4743	0.343908
4744	0.343783
4745	0.343659
4746	0.343534
4747	0.343409
4748	0.343285
4749	0.34316
4750	0.343036
4751	0.342911
4752	0.342786
4753	0.342662
4754	0.342537
4755	0.342412
4756	0.342288
4757	0.342163
4758	0.342039
4759	0.341914
4760	0.34179
4761	0.341665
4762	0.341541
4763	0.341416
4764	0.341292
4765	0.341167
4766	0.341043
4767	0.340918
4768	0.340794
4769	0.340669
4770	0.340545
4771	0.34042
4772	0.340296
4773	0.340171
4774	0.340047
4775	0.339923
4776	0.339798
4777	0.339674
4778	0.33955
4779	0.339425
4780	0.339301
4781	0.339176
4782	0.339052
4783	0.338928
4784	0.338804
4785	0.338679
4786	0.338555
4787	0.338431
4788	0.338306
4789	0.338182
4790	0.338058
4791	0.337934
4792	0.337809
4793	0.337685
4794	0.337561
4795	0.337437
4796	0.337313
4797	0.337189
4798	0.337064
4799	0.33694
4800	0.336816
4801	0.336692
4802	0.336568
4803	0.336444
4804	0.33632
4805	0.336196
4806	0.336072
4807	0.335948
4808	0.335824
4809	0.3357
4810	0.335576
4811	0.335452
4812	0.335328
4813	0.335204
4814	0.33508
4815	0.334956
4816	0.334832
4817	0.334708
4818	0.334584
4819	0.33446
4820	0.334336
4821	0.334213
4822	0.334089
4823	0.333965
4824	0.333841
4825	0.333717
4826	0.333593
4827	0.33347
4828	0.333346
4829	0.333222
4830	0.333098
4831	0.332975
4832	0.332851
4833	0.332727
4834	0.332604
4835	0.33248
4836	0.332356
4837	0.332233
4838	0.332109
4839	0.331986
4840	0.331862
4841	0.331738
4842	0.331615
4843	0.331491
4844	0.331368
4845	0.331244
4846	0.331121
4847	0.330997
4848	0.330874
4849	0.33075
4850	0.330627
4851	0.330504
4852	0.33038
4853	0.330257
4854	0.330133
4855	0.33001
4856	0.329887
4857	0.329763
4858	0.32964
4859	0.329517
4860	0.329394
4861	0.32927
4862	0.329147
4863	0.329024
4864	0.328901
4865	0.328777
4866	0.328654
4867	0.328531
4868	0.328408
4869	0.328285
4870	0.328162
4871	0.328039
4872	0.327916
4873	0.327793
4874	0.32767
4875	0.327547
4876	0.327424
4877	0.327301
4878	0.327178
4879	0.327055
4880	0.326932
4881	0.326809
4882	0.326686
4883	0.326563
4884	0.32644
4885	0.326317
4886	0.326194
4887	0.326072
4888	0.325949
4889	0.325826
4890	0.325703
4891	0.325581
4892	0.325458
4893	0.325335
4894	0.325213
4895	0.32509
4896	0.324967
4897	0.324845
4898	0.324722
4899	0.324599
4900	0.324477
4901	0.324354
4902	0.324232
4903	0.324109
4904	0.323987
4905	0.323864
4906	0.323742
4907	0.323619
4908	0.323497
4909	0.323375
4910	0.323252
4911	0.32313
4912	0.323008
4913	0.322885
4914	0.322763
4915	0.322641
4916	0.322518
4917	0.322396
4918	0.322274
4919	0.322152
4920	0.32203
4921	0.321908
4922	0.321785
4923	0.321663
4924	0.321541
4925	0.321419
4926	0.321297
4927	0.321175
4928	0.321053
4929	0.320931
4930	0.320809
4931	0.320687
4932	0.320565
4933	0.320443
4934	0.320321
4935	0.3202
4936	0.320078
4937	0.319956
4938	0.319834
4939	0.319712
4940	0.319591
4941	0.319469
4942	0.319347
4943	0.319225
4944	0.319104
4945	0.318982
4946	0.318861
4947	0.318739
4948	0.318617
4949	0.318496
4950	0.318374
4951	0.318253
4952	0.318131
4953	0.31801
4954	0.317888
4955	0.317767
4956	0.317646
4957	0.317524
4958	0.317403
4959	0.317281
4960	0.31716
4961	0.317039
4962	0.316918
4963	0.316796
4964	0.316675
4965	0.316554
4966	0.316433
4967	0.316312
4968	0.31619
4969	0.316069
4970	0.315948
4971	0.315827
4972	0.315706
4973	0.315585
4974	0.315464
4975	0.315343
4976	0.315222
4977	0.315101
4978	0.314981
4979	0.31486
4980	0.314739
4981	0.314618
4982	0.314497
4983	0.314376
4984	0.314256
4985	0.314135
4986	0.314014
4987	0.313894
4988	0.313773
4989	0.313652
4990	0.313532
4991	0.313411
4992	0.313291
4993	0.31317
4994	0.31305
4995	0.312929
4996	0.312809
4997	0.312688
4998	0.312568
4999	0.312448
