0	49
1	49.3333
2	49.9032
3	50.5571
4	51.2407
5	51.9349
6	52.6328
7	53.3321
8	54.0318
9	54.7317
10	55.4317
11	56.1317
12	56.8317
13	57.5317
14	58.2317
15	58.9317
16	59.6317
17	60.3317
18	61.0317
19	61.7317
20	62.4317
21	63.1317
22	63.8317
23	64.5317
24	65.2317
25	65.9317
26	66.6317
27	67.3317
28	68.0317
29	68.7317
30	69.4317
31	70.1317
32	70.8317
33	71.5317
34	72.2317
35	72.9317
36	73.6317
37	74.3317
38	75.0317
39	75.7317
40	76.4317
41	77.1317
42	77.8317
43	78.5317
44	79.2317
45	79.9317
46	80.6317
47	81.3317
48	82.0317
49	82.7317
50	83.4317
51	84.1317
52	84.8317
53	85.5317
54	86.2317
55	86.9317
56	87.6317
57	88.3317
58	89.0317
59	89.7317
60	90.4317
61	91.1317
62	91.8317
63	92.5317
64	93.2317
65	93.9317
66	94.6317
67	95.3317
68	96.0317
69	96.7317
70	97.4317
71	98.1317
72	98.8317
73	99.5317
74	100.232
75	100.932
76	101.632
77	102.332
78	103.032
79	103.732
80	104.432
81	105.132
82	105.832
83	106.532
84	107.232
85	107.932
86	108.632
87	109.332
88	110.032
89	110.732
90	111.432
91	112.132
92	112.832
93	113.532
94	114.232
95	114.932
96	115.632
97	116.332
98	117.032
99	117.732
100	118.432
101	119.132
102	119.832
103	120.532
104	121.232
105	121.932
106	122.632
107	123.332
108	124.032
109	124.732
110	125.432
111	126.132
112	126.832
113	127.532
114	128.232
115	128.932
116	129.632
117	130.332
118	131.032
119	131.732
120	132.432
121	133.132
122	133.832
123	134.532
124	135.232
125	135.932
126	136.632
127	137.332
128	138.032
129	138.732
130	139.432
131	140.132
132	140.832
133	141.532
134	142.232
135	142.932
136	143.632
137	144.332
138	145.032
139	145.732
140	146.432
141	147.132
142	147.832
143	148.532
144	149.232
145	149.932
146	150.632
147	151.332
148	152.032
149	152.732
150	153.432
151	154.132
152	154.832
153	155.532
154	156.232
155	156.932
156	157.632
157	158.332
158	159.032
159	159.732
160	160.432
161	161.132
162	161.832
163	162.532
164	163.232
165	163.932
166	164.632
167	165.332
168	166.032
169	166.732
170	167.432
171	168.132
172	168.832
173	169.532
174	170.232
175	170.932
176	171.632
177	172.332
178	173.032
179	173.732
180	174.432
181	175.132
182	175.832
183	176.532
184	177.232
185	177.932
186	178.632
187	179.332
188	180.032
189	180.732
190	181.432
191	182.132
192	182.832
193	183.532
194	184.232
195	184.932
196	185.632
197	186.332
198	187.032
199	187.732
200	188.432
201	189.132
202	189.832
203	190.532
204	191.232
205	191.932
206	192.632
207	193.332
208	194.032
209	194.732
210	195.432
211	196.132
212	196.832
213	197.532
214	198.232
215	198.932
216	199.632
217	200.332
218	201.032
219	201.732
220	202.432
221	203.132
222	203.832
223	204.532
224	205.232
225	205.932
226	206.632
227	207.332
228	208.032
229	208.732
230	209.432
231	210.132
232	210.832
233	211.532
234	212.232
235	212.932
236	213.632
237	214.332
238	215.032
239	215.732
240	216.432
241	217.132
242	217.832
243	218.532
244	219.232
245	219.932
246	220.632
247	221.332
248	222.032
249	222.732
250	223.432
251	224.132
252	224.832
253	225.532
254	226.232
255	226.932
256	227.632
257	228.332
258	229.032
259	229.732
260	230.432
261	231.132
262	231.832
263	232.532
264	233.232
265	233.932
266	234.632
267	235.332
268	236.032
269	236.732
270	237.432
271	238.132
272	238.832
273	239.532
274	240.232
275	240.932
276	241.632
277	242.332
278	243.032
279	243.732
280	244.432
281	245.132
282	245.832
283	246.532
284	247.232
285	247.932
286	248.632
287	249.332
288	250.032
289	250.732
290	251.432
291	252.132
292	252.832
293	253.532
294	254.232
295	254.932
296	255.632
297	256.332
298	257.032
299	257.732
300	258.432
301	259.132
302	259.832
303	260.532
304	261.232
305	261.932
306	262.632
307	263.332
308	264.032
309	264.732
310	265.432
311	266.132
312	266.832
313	267.532
314	268.232
315	268.932
316	269.632
317	270.332
318	271.032
319	271.732
320	272.432
321	273.132
322	273.832
323	274.532
324	275.232
325	275.932
326	276.632
327	277.332
328	278.032
329	278.732
330	279.432
331	280.132
332	280.832
333	281.532
334	282.232
335	282.932
336	283.632
337	284.332
338	285.032
339	285.732
340	286.432
341	287.132
342	287.832
343	288.532
344	289.232
345	289.932
346	290.632
347	291.332
348	292.032
349	292.732
350	293.432
351	294.132
352	294.832
353	295.532
354	296.232
355	296.932
356	297.632
357	298.332
358	299.032
359	299.732
360	300.432
361	301.132
362	301.832
363	302.532
364	303.232
365	303.932
366	304.632
367	305.332
368	306.032
369	306.732
370	307.432
371	308.132
372	308.832
373	309.532
374	310.232
375	310.932
376	311.632
377	312.332
378	313.032
379	313.732
380	314.432
381	315.132
382	315.832
383	316.532
384	317.232
385	317.932
386	318.632
387	319.332
388	320.032
389	320.732
390	321.432
391	322.132
392	322.832
393	323.532
394	324.232
395	324.932
396	325.632
397	326.332
398	327.032
399	327.732
400	328.432
401	329.132
402	329.832
403	330.532
404	331.232
405	331.932
406	332.632
407	333.332
408	334.032
409	334.732
410	335.432
411	336.132
412	336.832
413	337.532
414	338.232
415	338.932
416	339.632
417	340.332
418	341.032
419	341.732
420	342.432
421	343.132
422	343.832
423	344.532
424	345.232
425	345.932
426	346.632
427	347.332
428	348.032
429	348.732
430	349.432
431	350.132
432	350.832
433	351.532
434	352.232
435	352.932
436	353.632
437	354.332
438	355.032
439	355.732
440	356.432
441	357.132
442	357.832
443	358.532
444	359.232
445	359.932
446	360.632
447	361.332
448	362.032
449	362.732
450	363.432
451	364.132
452	364.832
453	365.532
454	366.232
455	366.932
456	367.632
457	368.332
458	369.032
459	369.732
460	370.432
461	371.132
462	371.832
463	372.532
464	373.232
465	373.932
466	374.632
467	375.332
468	376.032
469	376.732
470	377.432
471	378.132
472	378.832
473	379.532
474	380.232
475	380.932
476	381.632
477	382.332
478	383.032
479	383.732
480	384.432
481	385.132
482	385.832
483	386.532
484	387.232
485	387.932
486	388.632
487	389.332
488	390.032
489	390.732
490	391.432
491	392.132
492	392.832
493	393.532
494	394.232
495	394.932
496	395.632
497	396.332
498	397.032
499	397.732
500	398.432
501	399.132
502	399.832
503	400.532
504	401.232
505	401.932
506	402.632
507	403.332
508	404.032
509	404.732
510	405.432
511	406.132
512	406.832
513	407.532
514	408.232
515	408.932
516	409.632
517	410.332
518	411.032
519	411.732
520	412.432
521	413.132
522	413.832
523	414.532
524	415.232
525	415.932
526	416.632
527	417.332
528	418.032
529	418.732
530	419.432
531	420.132
532	420.832
533	421.532
534	422.232
535	422.932
536	423.632
537	424.332
538	425.032
539	425.732
540	426.432
541	427.132
542	427.832
543	428.532
544	429.232
545	429.932
546	430.632
547	431.332
548	432.032
549	432.732
550	433.432
551	434.132
552	434.832
553	435.532
554	436.232
555	436.932
556	437.632
557	438.332
558	439.032
559	439.732
560	440.432
561	441.132
562	441.832
563	442.532
564	443.232
565	443.932
566	444.632
567	445.332
568	446.032
569	446.732
570	447.432
571	448.132
572	448.832
573	449.532
574	450.232
575	450.932
576	451.632
577	452.332
578	453.032
579	453.732
580	454.432
581	455.132
582	455.832
583	456.532
584	457.232
585	457.932
586	458.632
587	459.332
588	460.032
589	460.732
590	461.432
591	462.132
592	462.832
593	463.532
594	464.232
595	464.932
596	465.632
597	466.332
598	467.032
599	467.732
600	468.432
601	469.132
602	469.832
603	470.532
604	471.232
605	471.932
606	472.632
607	473.332
608	474.032
609	474.732
610	475.432
611	476.132
612	476.832
613	477.532
614	478.232
615	478.932
616	479.632
617	480.332
618	481.032
619	481.732
620	482.432
621	483.132
622	483.832
623	484.532
624	485.232
625	485.932
626	486.632
627	487.332
628	488.032
629	488.732
630	489.432
631	490.132
632	490.832
633	491.532
634	492.232
635	492.932
636	493.632
637	494.332
638	495.032
639	495.732
640	496.432
641	497.132
642	497.832
643	498.532
644	499.232
645	499.932
646	500.632
647	501.332
648	502.032
649	502.732
650	503.432
651	504.132
652	504.832
653	505.532
654	506.232
655	506.932
656	507.632
657	508.332
658	509.032
659	509.732
660	510.432
661	511.132
662	511.832
663	512.532
664	513.232
665	513.932
666	514.632
667	515.332
668	516.032
669	516.732
670	517.432
671	518.132
672	518.832
673	519.532
674	520.232
675	520.932
676	521.632
677	522.332
678	523.032
679	523.732
680	524.432
681	525.132
682	525.832
683	526.532
684	527.232
685	527.932
686	528.632
687	529.332
688	530.032
689	530.732
690	531.432
691	532.132
692	532.832
693	533.532
694	534.232
695	534.932
696	535.632
697	536.332
698	537.032
699	537.732
700	538.432
701	539.132
702	539.832
703	540.532
704	541.232
705	541.932
706	542.632
707	543.332
708	544.032
709	544.732
710	545.432
711	546.132
712	546.832
713	547.532
714	548.232
715	548.932
716	549.632
717	550.332
718	551.032
719	551.732
720	552.432
721	553.132
722	553.832
723	554.532
724	555.232
725	555.932
726	556.632
727	557.332
728	558.032
729	558.732
730	559.432
731	560.132
732	560.832
733	561.531
734	562.231
735	562.931
736	563.631
737	564.331
738	565.031
739	565.731
740	566.431
741	567.131
742	567.831
743	568.531
744	569.231
745	569.931
746	570.631
747	571.331
748	572.031
749	572.731
750	573.431
751	574.131
752	574.831
753	575.531
754	576.231
755	576.931
756	577.631
757	578.331
758	579.031
759	579.731
760	580.431
761	581.131
762	581.831
763	582.531
764	583.231
765	583.931
766	584.631
767	585.331
768	586.031
769	586.731
770	587.431
771	588.131
772	588.831
773	589.531
774	590.231
775	590.931
776	591.631
777	592.331
778	593.031
779	593.731
780	594.431
781	595.131
782	595.831
783	596.531
784	597.231
785	597.931
786	598.631
787	599.331
788	600.031
789	600.731
790	601.431
791	602.131
792	602.831
793	603.531
794	604.231
795	604.931
796	605.631
797	606.331
798	607.031
799	607.731
800	608.431
801	609.131
802	609.831
803	610.531
804	611.231
805	611.931
806	612.631
807	613.331
808	614.031
809	614.731
810	615.431
811	616.131
812	616.831
813	617.531
814	618.231
815	618.931
816	619.631
817	620.331
818	621.031
819	621.731
820	622.431
821	623.131
822	623.831
823	624.531
824	625.231
825	625.931
826	626.631
827	627.331
828	628.031
829	628.731
830	629.431
831	630.131
832	630.831
833	631.531
834	632.231
835	632.931
836	633.631
837	634.331
838	635.031
839	635.731
840	636.431
841	637.131
842	637.831
843	638.531
844	639.231
845	639.931
846	640.631
847	641.33
848	642.03
849	642.73
850	643.43
851	644.13
852	644.83
853	645.53
854	646.23
855	646.93
856	647.63
857	648.33
858	649.03
859	649.73
860	650.43
861	651.13
862	651.83
863	652.53
864	653.23
865	653.93
866	654.63
867	655.33
868	656.03
869	656.73
870	657.43
871	658.13
872	658.83
873	659.53
874	660.23
875	660.93
876	661.63
877	662.33
878	663.03
879	663.73
880	664.43
881	665.13
882	665.83
883	666.53
884	667.23
885	667.93
886	668.63
887	669.33
888	670.03
889	670.73
890	671.429
891	672.129
892	672.829
893	673.529
894	674.229
895	674.929
896	675.629
897	676.329
898	677.029
899	677.729
900	678.429
901	679.129
902	679.829
903	680.529
904	681.229
905	681.929
906	682.629
907	683.329
908	684.029
909	684.729
910	685.429
911	686.129
912	686.829
913	687.529
914	688.229
915	688.929
916	689.629
917	690.329
918	691.028
919	691.728
920	692.428
921	693.128
922	693.828
923	694.528
924	695.228
925	695.928
926	696.628
927	697.328
928	698.028
929	698.728
930	699.428
931	700.128
932	700.828
933	701.528
934	702.228
935	702.928
936	703.628
937	704.328
938	705.028
939	705.727
940	706.427
941	707.127
942	707.827
943	708.527
944	709.227
945	709.927
946	710.627
947	711.327
948	712.027
949	712.727
950	713.427
951	714.127
952	714.827
953	715.527
954	716.227
955	716.927
956	717.626
957	718.326
958	719.026
959	719.726
960	720.426
961	721.126
962	721.826
963	722.526
964	723.226
965	723.926
966	724.626
967	725.326
968	726.026
969	726.726
970	727.426
971	728.125
972	728.825
973	729.525
974	730.225
975	730.925
976	731.625
977	732.325
978	733.025
979	733.725
980	734.425
981	735.125
982	735.825
983	736.525
984	737.224
985	737.924
986	738.624
987	739.324
988	740.024
989	740.724
990	741.424
991	742.124
992	742.824
993	743.524
994	744.224
995	744.923
996	745.623
997	746.323
998	747.023
999	747.723
