0	49.7778
1	50.1164
2	50.6953
3	51.3596
4	52.054
5	52.7592
6	53.4682
7	54.1786
8	54.8895
9	55.6005
10	56.3116
11	57.0227
12	57.7338
13	58.4449
14	59.156
15	59.8671
16	60.5782
17	61.2893
18	62.0004
19	62.7115
20	63.4226
21	64.1338
22	64.8449
23	65.556
24	66.2671
25	66.9782
26	67.6893
27	68.4004
28	69.1115
29	69.8226
30	70.5338
31	71.2449
32	71.956
33	72.6671
34	73.3782
35	74.0893
36	74.8004
37	75.5115
38	76.2226
39	76.9338
40	77.6449
41	78.356
42	79.0671
43	79.7782
44	80.4893
45	81.2004
46	81.9115
47	82.6226
48	83.3338
49	84.0449
50	84.756
51	85.4671
52	86.1782
53	86.8893
54	87.6004
55	88.3115
56	89.0226
57	89.7338
58	90.4449
59	91.156
60	91.8671
61	92.5782
62	93.2893
63	94.0004
64	94.7115
65	95.4226
66	96.1338
67	96.8449
68	97.556
69	98.2671
70	98.9782
71	99.6893
72	100.4
73	101.112
74	101.823
75	102.534
76	103.245
77	103.956
78	104.667
79	105.378
80	106.089
81	106.8
82	107.512
83	108.223
84	108.934
85	109.645
86	110.356
87	111.067
88	111.778
89	112.489
90	113.2
91	113.912
92	114.623
93	115.334
94	116.045
95	116.756
96	117.467
97	118.178
98	118.889
99	119.6
100	120.312
101	121.023
102	121.734
103	122.445
104	123.156
105	123.867
106	124.578
107	125.289
108	126
109	126.712
110	127.423
111	128.134
112	128.845
113	129.556
114	130.267
115	130.978
116	131.689
117	132.4
118	133.112
119	133.823
120	134.534
121	135.245
122	135.956
123	136.667
124	137.378
125	138.089
126	138.8
127	139.512
128	140.223
129	140.934
130	141.645
131	142.356
132	143.067
133	143.778
134	144.489
135	145.2
136	145.912
137	146.623
138	147.334
139	148.045
140	148.756
141	149.467
142	150.178
143	150.889
144	151.6
145	152.312
146	153.023
147	153.734
148	154.445
149	155.156
150	155.867
151	156.578
152	157.289
153	158
154	158.712
155	159.423
156	160.134
157	160.845
158	161.556
159	162.267
160	162.978
161	163.689
162	164.4
163	165.112
164	165.823
165	166.534
166	167.245
167	167.956
168	168.667
169	169.378
170	170.089
171	170.8
172	171.512
173	172.223
174	172.934
175	173.645
176	174.356
177	175.067
178	175.778
179	176.489
180	177.2
181	177.912
182	178.623
183	179.334
184	180.045
185	180.756
186	181.467
187	182.178
188	182.889
189	183.6
190	184.312
191	185.023
192	185.734
193	186.445
194	187.156
195	187.867
196	188.578
197	189.289
198	190
199	190.712
200	191.423
201	192.134
202	192.845
203	193.556
204	194.267
205	194.978
206	195.689
207	196.4
208	197.112
209	197.823
210	198.534
211	199.245
212	199.956
213	200.667
214	201.378
215	202.089
216	202.8
217	203.512
218	204.223
219	204.934
220	205.645
221	206.356
222	207.067
223	207.778
224	208.489
225	209.2
226	209.912
227	210.623
228	211.334
229	212.045
230	212.756
231	213.467
232	214.178
233	214.889
234	215.6
235	216.312
236	217.023
237	217.734
238	218.445
239	219.156
240	219.867
241	220.578
242	221.289
243	222
244	222.712
245	223.423
246	224.134
247	224.845
248	225.556
249	226.267
250	226.978
251	227.689
252	228.4
253	229.112
254	229.823
255	230.534
256	231.245
257	231.956
258	232.667
259	233.378
260	234.089
261	234.8
262	235.512
263	236.223
264	236.934
265	237.645
266	238.356
267	239.067
268	239.778
269	240.489
270	241.2
271	241.912
272	242.623
273	243.334
274	244.045
275	244.756
276	245.467
277	246.178
278	246.889
279	247.6
280	248.312
281	249.023
282	249.734
283	250.445
284	251.156
285	251.867
286	252.578
287	253.289
288	254
289	254.712
290	255.423
291	256.134
292	256.845
293	257.556
294	258.267
295	258.978
296	259.689
297	260.4
298	261.112
299	261.823
300	262.534
301	263.245
302	263.956
303	264.667
304	265.378
305	266.089
306	266.8
307	267.512
308	268.223
309	268.934
310	269.645
311	270.356
312	271.067
313	271.778
314	272.489
315	273.2
316	273.912
317	274.623
318	275.334
319	276.045
320	276.756
321	277.467
322	278.178
323	278.889
324	279.6
325	280.312
326	281.023
327	281.734
328	282.445
329	283.156
330	283.867
331	284.578
332	285.289
333	286
334	286.712
335	287.423
336	288.134
337	288.845
338	289.556
339	290.267
340	290.978
341	291.689
342	292.4
343	293.112
344	293.823
345	294.534
346	295.245
347	295.956
348	296.667
349	297.378
350	298.089
351	298.8
352	299.512
353	300.223
354	300.934
355	301.645
356	302.356
357	303.067
358	303.778
359	304.489
360	305.2
361	305.912
362	306.623
363	307.334
364	308.045
365	308.756
366	309.467
367	310.178
368	310.889
369	311.6
370	312.312
371	313.023
372	313.734
373	314.445
374	315.156
375	315.867
376	316.578
377	317.289
378	318
379	318.712
380	319.423
381	320.134
382	320.845
383	321.556
384	322.267
385	322.978
386	323.689
387	324.4
388	325.112
389	325.823
390	326.534
391	327.245
392	327.956
393	328.667
394	329.378
395	330.089
396	330.8
397	331.512
398	332.223
399	332.934
400	333.645
401	334.356
402	335.067
403	335.778
404	336.489
405	337.2
406	337.912
407	338.623
408	339.334
409	340.045
410	340.756
411	341.467
412	342.178
413	342.889
414	343.6
415	344.312
416	345.023
417	345.734
418	346.445
419	347.156
420	347.867
421	348.578
422	349.289
423	350
424	350.712
425	351.423
426	352.134
427	352.845
428	353.556
429	354.267
430	354.978
431	355.689
432	356.4
433	357.112
434	357.823
435	358.534
436	359.245
437	359.956
438	360.667
439	361.378
440	362.089
441	362.8
442	363.512
443	364.223
444	364.934
445	365.645
446	366.356
447	367.067
448	367.778
449	368.489
450	369.2
451	369.912
452	370.623
453	371.334
454	372.045
455	372.756
456	373.467
457	374.178
458	374.889
459	375.6
460	376.312
461	377.023
462	377.734
463	378.445
464	379.156
465	379.867
466	380.578
467	381.289
468	382
469	382.712
470	383.423
471	384.134
472	384.845
473	385.556
474	386.267
475	386.978
476	387.689
477	388.4
478	389.112
479	389.823
480	390.534
481	391.245
482	391.956
483	392.667
484	393.378
485	394.089
486	394.8
487	395.512
488	396.223
489	396.934
490	397.645
491	398.356
492	399.067
493	399.778
494	400.489
495	401.2
496	401.912
497	402.623
498	403.334
499	404.045
500	404.756
501	405.467
502	406.178
503	406.889
504	407.6
505	408.312
506	409.023
507	409.734
508	410.445
509	411.156
510	411.867
511	412.578
512	413.289
513	414
514	414.712
515	415.423
516	416.134
517	416.845
518	417.556
519	418.267
520	418.978
521	419.689
522	420.4
523	421.112
524	421.823
525	422.534
526	423.245
527	423.956
528	424.667
529	425.378
530	426.089
531	426.8
532	427.512
533	428.223
534	428.934
535	429.645
536	430.356
537	431.067
538	431.778
539	432.489
540	433.2
541	433.912
542	434.623
543	435.334
544	436.045
545	436.756
546	437.467
547	438.178
548	438.889
549	439.6
550	440.312
551	441.023
552	441.734
553	442.445
554	443.156
555	443.867
556	444.578
557	445.289
558	446
559	446.712
560	447.423
561	448.134
562	448.845
563	449.556
564	450.267
565	450.978
566	451.689
567	452.4
568	453.112
569	453.823
570	454.534
571	455.245
572	455.956
573	456.667
574	457.378
575	458.089
576	458.8
577	459.512
578	460.223
579	460.934
580	461.645
581	462.356
582	463.067
583	463.778
584	464.489
585	465.2
586	465.912
587	466.623
588	467.334
589	468.045
590	468.756
591	469.467
592	470.178
593	470.889
594	471.6
595	472.312
596	473.023
597	473.734
598	474.445
599	475.156
600	475.867
601	476.578
602	477.289
603	478
604	478.712
605	479.423
606	480.134
607	480.845
608	481.556
609	482.267
610	482.978
611	483.689
612	484.4
613	485.112
614	485.823
615	486.534
616	487.245
617	487.956
618	488.667
619	489.378
620	490.089
621	490.8
622	491.512
623	492.223
624	492.934
625	493.645
626	494.356
627	495.067
628	495.778
629	496.489
630	497.2
631	497.912
632	498.623
633	499.334
634	500.045
635	500.756
636	501.467
637	502.178
638	502.889
639	503.6
640	504.312
641	505.023
642	505.734
643	506.445
644	507.156
645	507.867
646	508.578
647	509.289
648	510
649	510.712
650	511.423
651	512.134
652	512.845
653	513.556
654	514.267
655	514.978
656	515.689
657	516.4
658	517.111
659	517.823
660	518.534
661	519.245
662	519.956
663	520.667
664	521.378
665	522.089
666	522.8
667	523.511
668	524.223
669	524.934
670	525.645
671	526.356
672	527.067
673	527.778
674	528.489
675	529.2
676	529.911
677	530.623
678	531.334
679	532.045
680	532.756
681	533.467
682	534.178
683	534.889
684	535.6
685	536.311
686	537.023
687	537.734
688	538.445
689	539.156
690	539.867
691	540.578
692	541.289
693	542
694	542.711
695	543.423
696	544.134
697	544.845
698	545.556
699	546.267
700	546.978
701	547.689
702	548.4
703	549.111
704	549.823
705	550.534
706	551.245
707	551.956
708	552.667
709	553.378
710	554.089
711	554.8
712	555.511
713	556.223
714	556.934
715	557.645
716	558.356
717	559.067
718	559.778
719	560.489
720	561.2
721	561.911
722	562.623
723	563.334
724	564.045
725	564.756
726	565.467
727	566.178
728	566.889
729	567.6
730	568.311
731	569.022
732	569.734
733	570.445
734	571.156
735	571.867
736	572.578
737	573.289
738	574
739	574.711
740	575.422
741	576.134
742	576.845
743	577.556
744	578.267
745	578.978
746	579.689
747	580.4
748	581.111
749	581.822
750	582.534
751	583.245
752	583.956
753	584.667
754	585.378
755	586.089
756	586.8
757	587.511
758	588.222
759	588.933
760	589.645
761	590.356
762	591.067
763	591.778
764	592.489
765	593.2
766	593.911
767	594.622
768	595.333
769	596.045
770	596.756
771	597.467
772	598.178
773	598.889
774	599.6
775	600.311
776	601.022
777	601.733
778	602.444
779	603.156
780	603.867
781	604.578
782	605.289
783	606
784	606.711
785	607.422
786	608.133
787	608.844
788	609.556
789	610.267
790	610.978
791	611.689
792	612.4
793	613.111
794	613.822
795	614.533
796	615.244
797	615.955
798	616.667
799	617.378
800	618.089
801	618.8
802	619.511
803	620.222
804	620.933
805	621.644
806	622.355
807	623.066
808	623.778
809	624.489
810	625.2
811	625.911
812	626.622
813	627.333
814	628.044
815	628.755
816	629.466
817	630.177
818	630.889
819	631.6
820	632.311
821	633.022
822	633.733
823	634.444
824	635.155
825	635.866
826	636.577
827	637.288
828	638
829	638.711
830	639.422
831	640.133
832	640.844
833	641.555
834	642.266
835	642.977
836	643.688
837	644.399
838	645.11
839	645.822
840	646.533
841	647.244
842	647.955
843	648.666
844	649.377
845	650.088
846	650.799
847	651.51
848	652.221
849	652.933
850	653.644
851	654.355
852	655.066
853	655.777
854	656.488
855	657.199
856	657.91
857	658.621
858	659.332
859	660.043
860	660.755
861	661.466
862	662.177
863	662.888
864	663.599
865	664.31
866	665.021
867	665.732
868	666.443
869	667.154
870	667.865
871	668.576
872	669.288
873	669.999
874	670.71
875	671.421
876	672.132
877	672.843
878	673.554
879	674.265
880	674.976
881	675.687
882	676.398
883	677.11
884	677.821
885	678.532
886	679.243
887	679.954
888	680.665
889	681.376
890	682.087
891	682.798
892	683.509
893	684.22
894	684.931
895	685.642
896	686.354
897	687.065
898	687.776
899	688.487
900	689.198
901	689.909
902	690.62
903	691.331
904	692.042
905	692.753
906	693.464
907	694.175
908	694.886
909	695.598
910	696.309
911	697.02
912	697.731
913	698.442
914	699.153
915	699.864
916	700.575
917	701.286
918	701.997
919	702.708
920	703.419
921	704.13
922	704.841
923	705.553
924	706.264
925	706.975
926	707.686
927	708.397
928	709.108
929	709.819
930	710.53
931	711.241
932	711.952
933	712.663
934	713.374
935	714.085
936	714.796
937	715.507
938	716.218
939	716.929
940	717.641
941	718.352
942	719.063
943	719.774
944	720.485
945	721.196
946	721.907
947	722.618
948	723.329
949	724.04
950	724.751
951	725.462
952	726.173
953	726.884
954	727.595
955	728.306
956	729.017
957	729.728
958	730.439
959	731.151
960	731.862
961	732.573
962	733.284
963	733.995
964	734.706
965	735.417
966	736.128
967	736.839
968	737.55
969	738.261
970	738.972
971	739.683
972	740.394
973	741.105
974	741.816
975	742.527
976	743.238
977	743.949
978	744.66
979	745.371
980	746.082
981	746.793
982	747.504
983	748.215
984	748.926
985	749.637
986	750.348
987	751.059
988	751.771
989	752.482
990	753.193
991	753.904
992	754.615
993	755.326
994	756.037
995	756.748
996	757.459
997	758.17
998	758.881
999	759.592
