0	0
0.001	0
0.002	0
0.003	0
0.004	0
0.005	0
0.006	0
0.007	0
0.008	0
0.009	0
0.01	0
0.011	0
0.012	0
0.013	0
0.014	0
0.015	0
0.016	0
0.017	0
0.018	0
0.019	0
0.02	0
0.021	0
0.022	0
0.023	0
0.024	0
0.025	0
0.026	0
0.027	0
0.028	0
0.029	0
0.03	0
0.031	0
0.032	0
0.033	0
0.034	0
0.035	0
0.036	0
0.037	0
0.038	0
0.039	0
0.04	0
0.041	0
0.042	0
0.043	0
0.044	0
0.045	0
0.046	0
0.047	0
0.048	0
0.049	0
0.05	0
0.051	0
0.052	0
0.053	0
0.054	0
0.055	0
0.056	0
0.057	0
0.058	0
0.059	0
0.06	0
0.061	0
0.062	0
0.063	0
0.064	0
0.065	0
0.066	0
0.067	0
0.068	0
0.069	0
0.07	0
0.071	0
0.072	0
0.073	0
0.074	0
0.075	0
0.076	0
0.077	0
0.078	0
0.079	0
0.08	0
0.081	0
0.082	0
0.083	0
0.084	0
0.085	0
0.086	0
0.087	0
0.088	0
0.089	0
0.09	0
0.091	0
0.092	0
0.093	0
0.094	0
0.095	0
0.096	0
0.097	0
0.098	0
0.099	0
0.1	0
0.101	0
0.102	0
0.103	0
0.104	0
0.105	0
0.106	0
0.107	0
0.108	0
0.109	0
0.11	0
0.111	0
0.112	0
0.113	0
0.114	0
0.115	0
0.116	0
0.117	0
0.118	0
0.119	0
0.12	0
0.121	0
0.122	0
0.123	0
0.124	0
0.125	0
0.126	0
0.127	0
0.128	0
0.129	0
0.13	0
0.131	0
0.132	0
0.133	0
0.134	0
0.135	0
0.136	0
0.137	0
0.138	0
0.139	0
0.14	0
0.141	0
0.142	0
0.143	0
0.144	0
0.145	0
0.146	0
0.147	0
0.148	0
0.149	0
0.15	0
0.151	0
0.152	0
0.153	0
0.154	0
0.155	0
0.156	0
0.157	0
0.158	0
0.159	0
0.16	0
0.161	0
0.162	0
0.163	0
0.164	0
0.165	0
0.166	0
0.167	0
0.168	0
0.169	0
0.17	0
0.171	0
0.172	0
0.173	0
0.174	0
0.177	-844.578
0.178	-807.798
0.179	-770.953
0.18	-734.045
0.181	-697.077
0.182	-660.051
0.183	-622.972
0.184	-585.842
0.185	-548.665
0.186	-511.442
0.187	-474.178
0.188	7317.28
0.189	30976.7
0.19	35174.8
0.191	13904.7
0.192	-304.194
0.193	-273.883
0.194	-243.55
0.195	-213.196
0.196	-182.826
0.197	-152.44
0.198	-122.042
0.199	-91.6338
0.2	-61.2183
0.201	-30.7978
0.202	-0.374732
0.203	30.0483
0.204	60.469
0.205	90.8846
0.206	121.293
0.207	151.691
0.208	182.077
0.209	212.448
0.21	242.802
0.211	273.136
0.212	303.448
0.213	333.734
0.214	363.994
0.215	394.224
0.216	424.421
0.217	454.584
0.218	484.71
0.219	514.797
0.22	544.841
0.221	574.841
0.222	604.793
0.223	634.697
0.224	664.548
0.225	694.346
0.226	724.086
0.227	753.768
0.228	783.387
0.229	812.943
0.23	842.433
0.231	871.854
0.232	901.203
0.233	930.479
0.234	959.679
0.235	988.801
0.236	1017.84
0.237	1046.8
0.238	1075.67
0.239	1104.46
0.24	1133.15
0.241	1161.75
0.242	1190.26
0.243	1218.67
0.244	1246.98
0.245	1275.19
0.246	1303.29
0.247	1331.29
0.248	1359.18
0.249	1386.95
0.25	1414.62
0.251	1442.17
0.252	1469.6
0.253	1496.91
0.254	1524.1
0.255	1551.16
0.256	1578.1
0.257	1604.91
0.258	1631.59
0.259	1658.13
0.26	1684.54
0.261	1710.81
0.262	1736.95
0.263	1762.94
0.264	1788.78
0.265	1814.48
0.266	1840.03
0.267	1865.44
0.268	1890.68
0.269	1915.78
0.27	1940.72
0.271	1965.5
0.272	1990.12
0.273	2014.57
0.274	2038.87
0.275	2062.99
0.276	2086.95
0.277	2110.74
0.278	2134.35
0.279	2157.79
0.28	2181.05
0.281	2204.14
0.282	2227.05
0.283	2249.77
0.284	2272.31
0.285	2294.66
0.286	2316.83
0.287	2338.81
0.288	2360.6
0.289	2382.19
0.29	2403.59
0.291	2424.79
0.292	2445.8
0.293	2466.61
0.294	2487.21
0.295	2507.61
0.296	2527.81
0.297	2547.8
0.298	2567.58
0.299	2587.15
0.3	2606.51
0.301	2625.66
0.302	2644.59
0.303	2663.31
0.304	2681.81
0.305	2700.09
0.306	2718.15
0.307	2735.99
0.308	2753.61
0.309	2771
0.31	2788.16
0.311	2805.1
0.312	2821.8
0.313	2838.28
0.314	2854.53
0.315	2870.54
0.316	2886.31
0.317	2901.86
0.318	2917.16
0.319	2932.23
0.32	2947.05
0.321	2961.64
0.322	2975.99
0.323	2990.09
0.324	3003.94
0.325	3017.56
0.326	3030.92
0.327	3044.04
0.328	3056.91
0.329	3069.53
0.33	3081.9
0.331	3094.02
0.332	3105.88
0.333	3117.49
0.334	3128.85
0.335	3139.95
0.336	3150.79
0.337	3161.38
0.338	3171.71
0.339	3181.78
0.34	3191.59
0.341	3201.14
0.342	3210.43
0.343	3219.45
0.344	3228.22
0.345	3236.72
0.346	3244.95
0.347	3252.92
0.348	3260.62
0.349	3268.06
0.35	3275.23
0.351	3282.14
0.352	3288.77
0.353	3295.14
0.354	3301.24
0.355	3307.07
0.356	3312.63
0.357	3317.91
0.358	3322.93
0.359	3327.68
0.36	3332.15
0.361	3336.35
0.362	3340.28
0.363	3343.94
0.364	3347.32
0.365	3350.43
0.366	3353.27
0.367	3355.83
0.368	3358.12
0.369	3360.13
0.37	3361.87
0.371	3363.34
0.372	3364.53
0.373	3365.44
0.374	3366.08
0.375	3366.45
0.376	3366.54
0.377	3366.36
0.378	3365.9
0.379	3365.17
0.38	3364.16
0.381	3362.88
0.382	3361.32
0.383	3359.49
0.384	3357.38
0.385	3355
0.386	3352.34
0.387	3349.41
0.388	3346.21
0.389	3342.74
0.39	3338.99
0.391	3334.97
0.392	3330.67
0.393	3326.11
0.394	3321.27
0.395	3316.16
0.396	3310.79
0.397	3305.14
0.398	3299.22
0.399	3293.03
0.4	3286.57
0.401	3279.84
0.402	3272.85
0.403	3265.59
0.404	3258.06
0.405	3250.27
0.406	3242.21
0.407	3233.88
0.408	3225.3
0.409	3216.45
0.41	3207.33
0.411	3197.95
0.412	3188.32
0.413	3178.42
0.414	3168.26
0.415	3157.85
0.416	3147.17
0.417	3136.24
0.418	3125.05
0.419	3113.61
0.42	3101.92
0.421	3089.97
0.422	3077.76
0.423	3065.31
0.424	3052.61
0.425	3039.65
0.426	3026.45
0.427	3013
0.428	2999.31
0.429	2985.37
0.43	2971.19
0.431	2956.76
0.432	2942.09
0.433	2927.18
0.434	2912.04
0.435	2896.65
0.436	2881.03
0.437	2865.18
0.438	2849.09
0.439	2832.76
0.44	2816.21
0.441	2799.42
0.442	2782.41
0.443	2765.17
0.444	2747.7
0.445	2730.01
0.446	2712.1
0.447	2693.97
0.448	2675.61
0.449	2657.04
0.45	2638.25
0.451	2619.24
0.452	2600.02
0.453	2580.59
0.454	2560.95
0.455	2541.09
0.456	2521.03
0.457	2500.77
0.458	2480.3
0.459	2459.63
0.46	2438.75
0.461	2417.68
0.462	2396.41
0.463	2374.95
0.464	2353.29
0.465	2331.44
0.466	2309.39
0.467	2287.16
0.468	2264.75
0.469	2242.14
0.47	2219.36
0.471	2196.39
0.472	2173.25
0.473	2149.92
0.474	2126.42
0.475	2102.75
0.476	2078.91
0.477	2054.89
0.478	2030.71
0.479	2006.36
0.48	1981.85
0.481	1957.18
0.482	1932.34
0.483	1907.35
0.484	1882.21
0.485	1856.9
0.486	1831.45
0.487	1805.85
0.488	1780.1
0.489	1754.21
0.49	1728.17
0.491	1701.99
0.492	1675.67
0.493	1649.22
0.494	1622.63
0.495	1595.9
0.496	1569.05
0.497	1542.07
0.498	1514.96
0.499	1487.73
0.5	1460.38
0.501	1432.91
0.502	1405.32
0.503	1377.62
0.504	1349.8
0.505	1321.88
0.506	1293.84
0.507	1265.71
0.508	1237.46
0.509	1209.12
0.51	1180.68
0.511	1152.14
0.512	1123.5
0.513	1094.78
0.514	1065.97
0.515	1037.06
0.516	1008.08
0.517	979.011
0.518	949.862
0.519	920.637
0.52	891.336
0.521	861.962
0.522	832.518
0.523	803.006
0.524	773.428
0.525	743.787
0.528	1696.46
0.529	1568.36
0.53	1440.13
0.531	1311.79
0.532	1183.34
0.533	1054.79
0.534	926.154
0.535	797.443
0.536	668.667
0.537	539.837
0.538	410.962
0.539	282.054
0.54	153.123
0.541	24.1791
0.542	-104.767
0.543	-233.704
0.544	-362.622
0.545	-491.51
0.546	-620.359
0.547	-749.156
0.548	-877.892
0.549	-1006.56
0.55	-1135.14
0.551	-1263.63
0.552	-1392.02
0.553	-1520.29
0.554	-1648.44
0.555	-1776.45
0.556	-1904.32
0.557	-2032.03
0.558	-2159.58
0.559	-2286.95
0.56	-2414.13
0.561	-2541.12
0.562	-2667.9
0.563	-2794.46
0.564	-2920.79
0.565	-3046.88
0.566	-3172.73
0.567	-3298.31
0.568	-3423.63
0.569	-3548.67
0.57	-3673.41
0.571	-3797.86
0.572	-3921.99
0.573	-4045.81
0.574	-4169.29
0.575	-4292.44
0.576	-4415.23
0.577	-4537.66
0.578	-4659.73
0.579	-4781.41
0.58	-4902.7
0.581	-5023.59
0.582	-5144.07
0.583	-5264.13
0.584	-5383.75
0.585	-5502.94
0.586	-5621.68
0.587	-5739.96
0.588	-5857.77
0.589	-5975.11
0.59	-6091.95
0.591	-6208.3
0.592	-6324.14
0.593	-6439.46
0.594	-6554.26
0.595	-6668.52
0.596	-6782.23
0.597	-6895.4
0.598	-7008
0.599	-7120.02
0.6	-7231.47
0.601	-7342.32
0.602	-7452.58
0.603	-7562.22
0.604	-7671.25
0.605	-7779.65
0.606	-7887.41
0.607	-7994.54
0.608	-8101
0.609	-8206.81
0.61	-8311.95
0.611	-8416.4
0.612	-8520.17
0.613	-8623.24
0.614	-8725.61
0.615	-8827.27
0.616	-8928.2
0.617	-9028.41
0.618	-9127.88
0.619	-9226.6
0.62	-9324.57
0.621	-9421.78
0.622	-9518.21
0.623	-9613.87
0.624	-9708.75
0.625	-9802.83
0.626	-9896.11
0.627	-9988.59
0.628	-10080.2
0.629	-10171.1
0.63	-10261.1
0.631	-10350.2
0.632	-10438.6
0.633	-10526
0.634	-10612.6
0.635	-10698.4
0.636	-10783.2
0.637	-10867.2
0.638	-10950.3
0.639	-11032.5
0.64	-11113.8
0.641	-11194.2
0.642	-11273.7
0.643	-11352.3
0.644	-11429.9
0.645	-11506.6
0.646	-11582.4
0.647	-11657.2
0.648	-11731
0.649	-11803.9
0.65	-11875.9
0.651	-11946.9
0.652	-12016.9
0.653	-12085.9
0.654	-12153.9
0.655	-12220.9
0.656	-12287
0.657	-12352
0.658	-12416
0.659	-12479
0.66	-12541
0.661	-12602
0.662	-12661.9
0.663	-12720.8
0.664	-12778.7
0.665	-12835.5
0.666	-12891.3
0.667	-12946
0.668	-12999.7
0.669	-13052.3
0.67	-13103.8
0.671	-13154.3
0.672	-13203.7
0.673	-13252
0.674	-13299.2
0.675	-13345.4
0.676	-13390.4
0.677	-13434.4
0.678	-13477.3
0.679	-13519
0.68	-13559.7
0.681	-13599.2
0.682	-13637.7
0.683	-13675
0.684	-13711.2
0.685	-13746.3
0.686	-13780.3
0.687	-13813.1
0.688	-13844.9
0.689	-13875.5
0.69	-13904.9
0.691	-13933.2
0.692	-13960.4
0.693	-13986.5
0.694	-14011.4
0.695	-14035.1
0.696	-14057.7
0.697	-14079.2
0.698	-14099.5
0.699	-14118.7
0.7	-14136.7
0.701	-14153.5
0.702	-14169.2
0.703	-14183.8
0.704	-14197.2
0.705	-14209.4
0.706	-14220.5
0.707	-14230.4
0.708	-14239.1
0.709	-14246.7
0.71	-14253.1
0.711	-14258.4
0.712	-14262.5
0.713	-14265.4
0.714	-14267.2
0.715	-14267.8
0.716	-14267.2
0.717	-14265.5
0.718	-14262.6
0.719	-14258.5
0.72	-14253.3
0.721	-14246.9
0.722	-14239.3
0.723	-14230.6
0.724	-14220.7
0.725	-14209.7
0.726	-14197.5
0.727	-14184.2
0.728	-14169.6
0.729	-14154
0.73	-14137.1
0.731	-14119.2
0.732	-14100
0.733	-14079.7
0.734	-14058.3
0.735	-14035.7
0.736	-14012
0.737	-13987.1
0.738	-13961.1
0.739	-13934
0.74	-13905.7
0.741	-13876.2
0.742	-13845.7
0.743	-13814
0.744	-13781.2
0.745	-13747.2
0.746	-13712.2
0.747	-13676
0.748	-13638.7
0.749	-13600.2
0.75	-13560.7
0.751	-13520.1
0.752	-13478.3
0.753	-13435.5
0.754	-13391.6
0.755	-13346.5
0.756	-13300.4
0.757	-13253.2
0.758	-13204.9
0.759	-13155.6
0.76	-13105.1
0.761	-13053.6
0.762	-13001.1
0.763	-12947.4
0.764	-12892.7
0.765	-12837
0.766	-12780.2
0.767	-12722.3
0.768	-12663.5
0.769	-12603.6
0.77	-12542.6
0.771	-12480.7
0.772	-12417.7
0.773	-12353.7
0.774	-12288.7
0.775	-12222.7
0.776	-12155.6
0.777	-12087.6
0.778	-12018.7
0.779	-11948.7
0.78	-11877.7
0.781	-11805.8
0.782	-11732.9
0.783	-11659.1
0.784	-11584.3
0.785	-11508.6
0.786	-11431.9
0.787	-11354.3
0.788	-11275.8
0.789	-11196.3
0.79	-11115.9
0.791	-11034.7
0.792	-10952.5
0.793	-10869.4
0.794	-10785.4
0.795	-10700.6
0.796	-10614.9
0.797	-10528.3
0.798	-10440.8
0.799	-10352.5
0.8	-10263.4
0.801	-10173.4
0.802	-10082.6
0.803	-9990.98
0.804	-9898.53
0.805	-9805.27
0.806	-9711.2
0.807	-9616.35
0.808	-9520.71
0.809	-9424.29
0.81	-9327.11
0.811	-9229.16
0.812	-9130.45
0.813	-9031
0.814	-8930.82
0.815	-8829.9
0.816	-8728.26
0.817	-8625.91
0.818	-8522.86
0.819	-8419.11
0.82	-8314.67
0.821	-8209.55
0.822	-8103.76
0.823	-7997.31
0.824	-7890.21
0.825	-7782.46
0.826	-7674.07
0.827	-7565.06
0.828	-7455.43
0.829	-7345.2
0.83	-7234.36
0.831	-7122.93
0.832	-7010.92
0.833	-6898.33
0.834	-6785.18
0.835	-6671.48
0.836	-6557.23
0.837	-6442.45
0.838	-6327.14
0.839	-6211.32
0.84	-6094.98
0.841	-5978.15
0.842	-5860.83
0.843	-5743.03
0.844	-5624.76
0.845	-5506.04
0.846	-5386.86
0.847	-5267.24
0.848	-5147.19
0.849	-5026.72
0.85	-4905.84
0.851	-4784.56
0.852	-4662.89
0.853	-4540.84
0.854	-4418.42
0.855	-4295.63
0.856	-4172.5
0.857	-4049.02
0.858	-3925.22
0.859	-3801.09
0.86	-3676.65
0.861	-3551.91
0.862	-3426.88
0.863	-3301.57
0.864	-3176
0.865	-3050.16
0.866	-13503.7
0.869	-2517.27
0.87	-2328.23
0.871	-2166.24
0.872	-2004.07
0.873	-1841.73
0.874	-1679.25
0.875	-1516.63
0.876	-1353.89
0.879	-2261.9
0.88	-1962.49
0.881	-1662.93
0.882	-1363.22
0.883	-1063.41
0.884	-763.504
0.885	72622.3
0.888	304.597
0.889	534.232
0.89	763.823
0.891	993.352
0.892	1222.8
0.893	1452.15
0.894	1681.38
0.895	1910.47
0.896	2139.4
0.897	2368.16
0.898	2596.73
0.899	2825.08
0.9	3053.2
0.901	3281.07
0.902	3508.68
0.903	3736
0.904	3963.01
0.905	4189.69
0.906	4416.04
0.907	4642.02
0.908	4867.63
0.909	5092.83
0.91	5317.62
0.911	5541.97
0.912	5765.87
0.913	5989.3
0.914	6212.24
0.915	6434.67
0.916	6656.57
0.917	6877.93
0.918	7098.73
0.919	7318.94
0.92	7538.56
0.921	7757.56
0.922	7975.93
0.923	8193.64
0.924	8410.69
0.925	8627.04
0.926	8842.69
0.927	9057.62
0.928	9271.8
0.929	9485.23
0.93	9697.88
0.931	9909.74
0.932	10120.8
0.933	10331
0.934	10540.4
0.935	10748.9
0.936	10956.5
0.937	11163.3
0.938	11369.1
0.939	11574
0.94	11777.9
0.941	11980.9
0.942	12182.9
0.943	12383.9
0.944	12583.9
0.945	12782.9
0.946	12980.8
0.947	13177.7
0.948	13373.5
0.949	13568.2
0.95	13761.8
0.951	13954.2
0.952	14145.5
0.953	14335.7
0.954	14524.7
0.955	14712.5
0.956	14899.1
0.957	15084.5
0.958	15268.6
0.959	15451.5
0.96	15633.2
0.961	15813.5
0.962	15992.6
0.963	16170.3
0.964	16346.8
0.965	16521.9
0.966	16695.6
0.967	16868
0.968	17039
0.969	17208.6
0.97	17376.9
0.971	17543.7
0.972	17709
0.973	17872.9
0.974	18035.4
0.975	18196.3
0.976	18355.8
0.977	18513.8
0.978	18670.3
0.979	18825.3
0.98	18978.7
0.981	19130.5
0.982	19280.8
0.983	19429.6
0.984	19576.7
0.985	19722.2
0.986	19866.2
0.987	20008.5
0.988	20149.2
0.989	20288.2
0.99	20425.6
0.991	20561.3
0.992	20695.3
0.993	20827.6
0.994	20958.2
0.995	21087.2
0.996	21214.4
0.997	21339.8
0.998	21463.5
0.999	21585.5
1	21705.7
1.001	21824.2
1.002	21940.8
1.003	22055.7
1.004	22168.7
1.005	22280
1.006	22389.4
1.007	22497
1.008	22602.8
1.009	22706.7
1.01	22808.8
1.011	22909
1.012	23007.3
1.013	23103.8
1.014	23198.4
1.015	23291
1.016	23381.8
1.017	23470.7
1.018	23557.6
1.019	23642.7
1.02	23725.8
1.021	23806.9
1.022	23886.2
1.023	23963.4
1.024	24038.8
1.025	24112.1
1.026	24183.5
1.027	24252.9
1.028	24320.3
1.029	24385.8
1.03	24449.2
1.031	24510.7
1.032	24570.2
1.033	24627.6
1.034	24683.1
1.035	24736.5
1.036	24787.9
1.037	24837.3
1.038	24884.7
1.039	24930
1.04	24973.3
1.041	25014.6
1.042	25053.8
1.043	25091
1.044	25126.1
1.045	25159.2
1.046	25190.2
1.047	25219.2
1.048	25246.1
1.049	25271
1.05	25293.8
1.051	25314.5
1.052	25333.2
1.053	25349.8
1.054	25364.3
1.055	25376.8
1.056	25387.1
1.057	25395.5
1.058	25401.7
1.059	25405.9
1.06	25408
1.061	25408
1.062	25406
1.063	25401.8
1.064	25395.7
1.065	25387.4
1.066	25377.1
1.067	25364.6
1.068	25350.2
1.069	25333.6
1.07	25315
1.071	25294.3
1.072	25271.6
1.073	25246.8
1.074	25219.9
1.075	25191
1.076	25160
1.077	25127
1.078	25091.9
1.079	25054.8
1.08	25015.6
1.081	24974.4
1.082	24931.2
1.083	24885.9
1.084	24838.6
1.085	24789.3
1.086	24737.9
1.087	24684.5
1.088	24629.1
1.089	24571.7
1.09	24512.3
1.091	24450.9
1.092	24387.5
1.093	24322.1
1.094	24254.7
1.095	24185.3
1.096	24114
1.097	24040.7
1.098	23965.4
1.099	23888.2
1.1	23809
1.101	23727.9
1.102	23644.9
1.103	23559.9
1.104	23473
1.105	23384.2
1.106	23293.4
1.107	23200.8
1.108	23106.3
1.109	23009.9
1.11	22911.6
1.111	22811.4
1.112	22709.4
1.113	22605.5
1.114	22499.8
1.115	22392.3
1.116	22282.9
1.117	22171.7
1.118	22058.7
1.119	21943.8
1.12	21827.2
1.121	21708.8
1.122	21588.7
1.123	21466.8
1.124	21343.1
1.125	21217.7
1.126	21090.5
1.127	20961.6
1.128	20831.1
1.129	20698.8
1.13	20564.8
1.131	20429.1
1.132	20291.8
1.133	20152.8
1.134	20012.2
1.135	19869.9
1.136	19726
1.137	19580.5
1.138	19433.4
1.139	19284.8
1.14	19134.5
1.141	18982.7
1.142	18829.3
1.143	18674.4
1.144	18517.9
1.145	18360
1.146	18200.5
1.147	18039.6
1.148	17877.2
1.149	17713.3
1.15	17548
1.151	17381.2
1.152	17213.1
1.153	17043.5
1.154	16872.5
1.155	16700.2
1.156	16526.5
1.157	16351.4
1.158	16175
1.159	15997.3
1.16	15818.2
1.161	15637.9
1.162	15456.3
1.163	15273.4
1.164	15089.3
1.165	14904
1.166	14717.4
1.167	14529.6
1.168	14340.7
1.169	14150.5
1.17	13959.2
1.171	13766.8
1.172	13573.3
1.173	13378.6
1.174	13182.8
1.175	12986
1.176	12788.1
1.177	12589.2
1.178	12389.2
1.179	12188.2
1.18	11986.2
1.181	11783.3
1.182	11579.4
1.183	11374.5
1.184	11168.7
1.185	10962
1.186	10754.4
1.187	10545.9
1.188	10336.5
1.189	10126.3
1.19	9915.28
1.191	9703.44
1.192	9490.81
1.193	9277.41
1.194	9063.24
1.195	8848.33
1.196	8632.7
1.197	8416.36
1.198	8199.34
1.199	7981.64
1.2	7763.29
1.201	7544.31
1.202	7324.71
1.203	7104.51
1.204	6883.72
1.205	6662.38
1.206	6440.49
1.207	6218.07
1.208	5995.15
1.209	5771.73
1.21	5547.84
1.211	5323.5
1.212	5098.72
1.213	4873.53
1.214	4647.94
1.215	4421.96
1.216	4195.63
1.217	3968.95
1.218	3741.95
1.219	3514.64
1.22	3287.04
1.221	3059.18
1.222	2831.06
1.223	2602.71
1.224	2374.15
1.225	2145.4
1.226	1916.47
1.227	1687.38
1.231	2548.34
1.232	2366.44
1.233	2184.35
1.234	2002.08
1.235	1819.64
1.236	1637.06
1.237	1454.35
1.238	1271.51
1.239	1088.57
1.24	905.543
1.241	722.441
1.242	539.28
1.243	356.075
1.244	172.841
1.245	-10.4075
1.246	-193.655
1.247	-376.887
1.248	-560.088
1.249	-743.243
1.25	-926.337
1.251	-1109.36
1.252	-1292.28
1.253	-1475.11
1.254	-1657.81
1.255	-1840.37
1.256	-2022.79
1.257	-2205.04
1.258	-2387.11
1.259	-2568.98
1.26	-2750.65
1.261	-2932.09
1.262	-3113.29
1.263	-3294.23
1.264	-3474.91
1.265	-3655.3
1.266	-3835.4
1.267	-4015.17
1.268	-4194.63
1.269	-4373.73
1.27	-4552.49
1.271	-4730.86
1.272	-4908.86
1.273	-5086.45
1.274	-5263.62
1.275	-5440.37
1.276	-5616.67
1.277	-5792.51
1.278	-5967.87
1.279	-6142.75
1.28	-6317.13
1.281	-6490.99
1.282	-6664.32
1.283	-6837.1
1.284	-7009.33
1.285	-7180.98
1.286	-7352.05
1.287	-7522.51
1.288	-7692.37
1.289	-7861.59
1.29	-8030.17
1.291	-8198.09
1.292	-8365.34
1.293	-8531.91
1.294	-8697.78
1.295	-8862.94
1.296	-9027.38
1.297	-9191.07
1.298	-9354.02
1.299	-9516.2
1.3	-9677.61
1.301	-9838.22
1.302	-9998.03
1.303	-10157
1.304	-10315.2
1.305	-10472.5
1.306	-10629
1.307	-10784.6
1.308	-10939.3
1.309	-11093.1
1.31	-11246
1.311	-11398
1.312	-11549.1
1.313	-11699.2
1.314	-11848.3
1.315	-11996.5
1.316	-12143.8
1.317	-12290
1.318	-12435.2
1.319	-12579.4
1.32	-12722.6
1.321	-12864.7
1.322	-13005.8
1.323	-13145.8
1.324	-13284.8
1.325	-13422.6
1.326	-13559.4
1.327	-13695
1.328	-13829.6
1.329	-13963
1.33	-14095.3
1.331	-14226.4
1.332	-14356.3
1.333	-14485.1
1.334	-14612.7
1.335	-14739.1
1.336	-14864.3
1.337	-14988.3
1.338	-15111.1
1.339	-15232.6
1.34	-15352.9
1.341	-15471.9
1.342	-15589.7
1.343	-15706.2
1.344	-15821.4
1.345	-15935.3
1.346	-16047.9
1.347	-16159.2
1.348	-16269.2
1.349	-16377.8
1.35	-16485.2
1.351	-16591.1
1.352	-16695.8
1.353	-16799
1.354	-16900.9
1.355	-17001.4
1.356	-17100.5
1.357	-17198.2
1.358	-17294.5
1.359	-17389.4
1.36	-17482.9
1.361	-17575
1.362	-17665.6
1.363	-17754.8
1.364	-17842.5
1.365	-17928.8
1.366	-18013.6
1.367	-18096.9
1.368	-18178.8
1.369	-18259.1
1.37	-18338
1.371	-18415.4
1.372	-18491.3
1.373	-18565.7
1.374	-18638.5
1.375	-18709.8
1.376	-18779.6
1.377	-18847.9
1.378	-18914.7
1.379	-18979.8
1.38	-19043.5
1.381	-19105.6
1.382	-19166.1
1.383	-19225.1
1.384	-19282.5
1.385	-19338.3
1.386	-19392.5
1.387	-19445.2
1.388	-19496.2
1.389	-19545.7
1.39	-19593.6
1.391	-19639.9
1.392	-19684.6
1.393	-19727.7
1.394	-19769.1
1.395	-19809
1.396	-19847.2
1.397	-19883.8
1.398	-19918.8
1.399	-19952.2
1.4	-19983.9
1.401	-20014
1.402	-20042.5
1.403	-20069.3
1.404	-20094.5
1.405	-20118.1
1.406	-20140
1.407	-20160.3
1.408	-20178.9
1.409	-20195.9
1.41	-20211.2
1.411	-20224.9
1.412	-20236.9
1.413	-20247.3
1.414	-20256
1.415	-20263.1
1.416	-20268.5
1.417	-20272.3
1.418	-20274.4
1.419	-20274.8
1.42	-20273.6
1.421	-20270.8
1.422	-20266.3
1.423	-20260.1
1.424	-20252.3
1.425	-20242.8
1.426	-20231.7
1.427	-20218.9
1.428	-20204.5
1.429	-20188.4
1.43	-20170.7
1.431	-20151.3
1.432	-20130.3
1.433	-20107.7
1.434	-20083.4
1.435	-20057.5
1.436	-20029.9
1.437	-20000.7
1.438	-19969.8
1.439	-19937.4
1.44	-19903.3
1.441	-19867.6
1.442	-19830.2
1.443	-19791.2
1.444	-19750.7
1.445	-19708.5
1.446	-19664.7
1.447	-19619.3
1.448	-19572.3
1.449	-19523.7
1.45	-19473.5
1.451	-19421.7
1.452	-19368.3
1.453	-19313.4
1.454	-19256.9
1.455	-19198.8
1.456	-19139.1
1.457	-19077.9
1.458	-19015.1
1.459	-18950.7
1.46	-18884.8
1.461	-18817.4
1.462	-18748.5
1.463	-18678
1.464	-18605.9
1.465	-18532.4
1.466	-18457.4
1.467	-18380.8
1.468	-18302.7
1.469	-18223.2
1.47	-18142.1
1.471	-18059.6
1.472	-17975.6
1.473	-17890.2
1.474	-17803.2
1.475	-17714.9
1.476	-17625
1.477	-17533.8
1.478	-17441.1
1.479	-17346.9
1.48	-17251.4
1.481	-17154.5
1.482	-17056.1
1.483	-16956.4
1.484	-16855.3
1.485	-16752.8
1.486	-16648.9
1.487	-16543.7
1.488	-16437.1
1.489	-16329.2
1.49	-16219.9
1.491	-16109.3
1.492	-15997.4
1.493	-15884.2
1.494	-15769.7
1.495	-15653.9
1.496	-15536.9
1.497	-15418.5
1.498	-15298.9
1.499	-15178.1
1.5	-15056
1.501	-14932.7
1.502	-14808.2
1.503	-14682.4
1.504	-14555.5
1.505	-14427.4
1.506	-14298
1.507	-14167.6
1.508	-14035.9
1.509	-13903.1
1.51	-13769.2
1.511	-13634.2
1.512	-13498
1.513	-13360.8
1.514	-13222.4
1.515	-13083
1.516	-12942.5
1.517	-12800.9
1.518	-12658.3
1.519	-12514.7
1.52	-12370
1.521	-12224.4
1.522	-12077.7
1.523	-11930
1.524	-11781.4
1.525	-11631.8
1.526	-11481.3
1.527	-11329.8
1.528	-11177.4
1.529	-11024.1
1.53	-10869.8
1.531	-10714.7
1.532	-10558.7
1.533	-10401.9
1.534	-10244.2
1.535	-10085.6
1.536	-9926.29
1.537	-9766.11
1.538	-9605.14
1.539	-9443.39
1.54	-9280.86
1.541	-9117.57
1.542	-8953.54
1.543	-8788.78
1.544	-8623.3
1.545	-8457.11
1.546	-8290.23
1.547	-8122.68
1.548	-7954.46
1.549	-7785.59
1.55	-7616.08
1.551	-7445.95
1.552	-7275.22
1.553	-7103.89
1.554	-6931.97
1.555	-6759.49
1.556	-6586.46
1.557	-6412.89
1.558	-6238.8
1.559	-6064.19
1.56	-5889.09
1.561	-5713.51
1.562	-5537.46
1.563	-68209.3
1.565	-80563
1.566	-4784
1.567	-4582.66
1.568	-4380.95
1.569	-4178.88
1.57	-3976.46
1.571	-3773.72
1.572	-3570.67
1.573	-3367.33
1.574	-3163.71
1.575	-2959.84
1.576	-2755.72
1.577	-2551.38
1.578	-2346.83
1.579	-2142.08
1.582	-3179.88
1.583	-2870.76
1.584	-2561.41
1.585	-2251.85
1.586	-1942.1
1.587	-1632.2
1.588	-1322.16
1.589	-1012.01
1.59	-701.777
1.591	-391.488
1.592	-81.1675
1.593	229.16
1.594	539.468
1.595	849.733
1.596	1159.93
1.597	1470.03
1.598	1780.01
1.599	2089.84
1.6	2399.5
1.601	2708.97
1.602	3018.21
1.603	3327.21
1.604	3635.93
1.605	3944.36
1.606	4252.46
1.607	4560.21
1.608	4867.59
1.609	5174.57
1.61	5481.13
1.611	5787.24
1.612	6092.87
1.613	6398.01
1.614	6702.62
1.615	7006.68
1.616	7310.17
1.617	7613.06
1.618	7915.32
1.619	8216.94
1.62	8517.88
1.621	8818.13
1.622	9117.65
1.623	9416.43
1.624	9714.43
1.625	10011.6
1.626	10308
1.627	10603.6
1.628	10898.3
1.629	11192
1.63	11484.9
1.631	11776.8
1.632	12067.8
1.633	12357.8
1.634	12646.7
1.635	12934.7
1.636	13221.5
1.637	13507.3
1.638	13792
1.639	14075.5
1.64	14357.9
1.641	14639.2
1.642	14919.2
1.643	15198
1.644	15475.5
1.645	15751.8
1.646	16026.8
1.647	16300.5
1.648	16572.9
1.649	16843.9
1.65	17113.5
1.651	17381.7
1.652	17648.5
1.653	17913.9
1.654	18177.7
1.655	18440.1
1.656	18701
1.657	18960.4
1.658	19218.2
1.659	19474.4
1.66	19729.1
1.661	19982.1
1.662	20233.5
1.663	20483.3
1.664	20731.3
1.665	20977.7
1.666	21222.3
1.667	21465.3
1.668	21706.4
1.669	21945.8
1.67	22183.4
1.671	22419.2
1.672	22653.1
1.673	22885.2
1.674	23115.4
1.675	23343.8
1.676	23570.2
1.677	23794.7
1.678	24017.2
1.679	24237.8
1.68	24456.4
1.681	24673.1
1.682	24887.6
1.683	25100.2
1.684	25310.7
1.685	25519.1
1.686	25725.5
1.687	25929.8
1.688	26131.9
1.689	26331.9
1.69	26529.7
1.691	26725.4
1.692	26918.9
1.693	27110.2
1.694	27299.3
1.695	27486.1
1.696	27670.7
1.697	27853.1
1.698	28033.2
1.699	28210.9
1.7	28386.4
1.701	28559.6
1.702	28730.4
1.703	28898.9
1.704	29065
1.705	29228.8
1.706	29390.1
1.707	29549.1
1.708	29705.7
1.709	29859.8
1.71	30011.5
1.711	30160.7
1.712	30307.5
1.713	30451.8
1.714	30593.6
1.715	30733
1.716	30869.8
1.717	31004.1
1.718	31135.8
1.719	31265.1
1.72	31391.7
1.721	31515.8
1.722	31637.4
1.723	31756.4
1.724	31872.7
1.725	31986.5
1.726	32097.6
1.727	32206.2
1.728	32312.1
1.729	32415.4
1.73	32516
1.731	32614
1.732	32709.3
1.733	32802
1.734	32892
1.735	32979.2
1.736	33063.9
1.737	33145.8
1.738	33225
1.739	33301.5
1.74	33375.2
1.741	33446.3
1.742	33514.6
1.743	33580.2
1.744	33643.1
1.745	33703.2
1.746	33760.6
1.747	33815.2
1.748	33867
1.749	33916.1
1.75	33962.5
1.751	34006
1.752	34046.8
1.753	34084.8
1.754	34120.1
1.755	34152.5
1.756	34182.2
1.757	34209.1
1.758	34233.2
1.759	34254.5
1.76	34273
1.761	34288.7
1.762	34301.6
1.763	34311.7
1.764	34319.1
1.765	34323.6
1.766	34325.3
1.767	34324.2
1.768	34320.4
1.769	34313.7
1.77	34304.2
1.771	34292
1.772	34276.9
1.773	34259.1
1.774	34238.4
1.775	34215
1.776	34188.8
1.777	34159.8
1.778	34128
1.779	34093.4
1.78	34056
1.781	34015.9
1.782	33973
1.783	33927.3
1.784	33878.9
1.785	33827.6
1.786	33773.7
1.787	33717
1.788	33657.5
1.789	33595.3
1.79	33530.3
1.791	33462.6
1.792	33392.2
1.793	33319.1
1.794	33243.2
1.795	33164.7
1.796	33083.4
1.797	32999.4
1.798	32912.7
1.799	32823.4
1.8	32731.4
1.801	32636.7
1.802	32539.3
1.803	32439.3
1.804	32336.7
1.805	32231.4
1.806	32123.4
1.807	32012.9
1.808	31899.7
1.809	31784
1.81	31665.6
1.811	31544.7
1.812	31421.2
1.813	31295.1
1.814	31166.5
1.815	31035.3
1.816	30901.6
1.817	30765.4
1.818	30626.7
1.819	30485.4
1.82	30341.7
1.821	30195.5
1.822	30046.8
1.823	29895.7
1.824	29742.2
1.825	29586.2
1.826	29427.8
1.827	29267
1.828	29103.8
1.829	28938.2
1.83	28770.3
1.831	28600
1.832	28427.4
1.833	28252.5
1.834	28075.2
1.835	27895.7
1.836	27713.9
1.837	27529.8
1.838	27343.5
1.839	27154.9
1.84	26964.1
1.841	26771.2
1.842	26576
1.843	26378.7
1.844	26179.2
1.845	25977.5
1.846	25773.8
1.847	25567.9
1.848	25360
1.849	25149.9
1.85	24937.9
1.851	24723.8
1.852	24507.6
1.853	24289.5
1.854	24069.4
1.855	23847.3
1.856	23623.2
1.857	23397.2
1.858	23169.4
1.859	22939.6
1.86	22707.9
1.861	22474.4
1.862	22239.1
1.863	22001.9
1.864	21762.9
1.865	21522.2
1.866	21279.7
1.867	21035.4
1.868	20789.5
1.869	20541.8
1.87	20292.5
1.871	20041.5
1.872	19788.8
1.873	19534.5
1.874	19278.7
1.875	19021.2
1.876	18762.2
1.877	18501.7
1.878	18239.7
1.879	17976.1
1.88	17711.1
1.881	17444.7
1.882	17176.8
1.883	16907.5
1.884	16636.8
1.885	16364.8
1.886	16091.4
1.887	15816.7
1.888	15540.7
1.889	15263.4
1.89	14984.9
1.891	14705.2
1.892	14424.2
1.893	14142.1
1.894	13858.8
1.895	13574.4
1.896	13288.9
1.897	13002.3
1.898	12714.6
1.899	12425.9
1.9	12136.1
1.901	11845.4
1.902	11553.7
1.903	11261.1
1.904	10967.5
1.905	10673
1.906	10377.7
1.907	10081.5
1.908	9784.47
1.909	9486.65
1.91	9188.06
1.911	8888.71
1.912	8588.63
1.913	8287.85
1.914	7986.39
1.915	7684.27
1.916	7381.53
1.917	7078.18
1.918	6774.25
1.919	6469.77
1.92	6164.75
1.921	5859.23
1.922	5553.24
1.925	4491.03
1.926	4089.14
1.927	3686.91
1.928	3284.39
1.929	2881.59
1.93	2478.55
1.931	2076.87
1.934	3270.24
1.935	2914.11
1.936	2557.75
1.937	2201.17
1.938	1844.42
1.939	1487.51
1.94	1130.48
1.941	773.364
1.942	416.18
1.943	58.9618
1.944	-298.261
1.945	-655.46
1.946	-1012.6
1.947	-1369.67
1.948	-1726.62
1.949	-2083.42
1.95	-2440.06
1.951	-2796.5
1.952	-3152.7
1.953	-3508.65
1.954	-3864.31
1.955	-4219.66
1.956	-4574.65
1.957	-4929.28
1.958	-5283.49
1.959	-5637.28
1.96	-5990.6
1.961	-6343.43
1.962	-6695.74
1.963	-7047.5
1.964	-7398.69
1.965	-7749.26
1.966	-8099.21
1.967	-8448.48
1.968	-8797.07
1.969	-9144.93
1.97	-9492.04
1.971	-9838.38
1.972	-10183.9
1.973	-10528.6
1.974	-10872.4
1.975	-11215.4
1.976	-11557.4
1.977	-11898.5
1.978	-12238.5
1.979	-12577.6
1.98	-12915.7
1.981	-13252.7
1.982	-13588.6
1.983	-13923.4
1.984	-14257.1
1.985	-14589.6
1.986	-14920.9
1.987	-15250.9
1.988	-15579.8
1.989	-15907.3
1.99	-16233.6
1.991	-16558.5
1.992	-16882
1.993	-17204.2
1.994	-17525
1.995	-17844.3
1.996	-18162.1
1.997	-18478.5
1.998	-18793.4
1.999	-19106.7
2	-19418.5
2.001	-19728.6
2.002	-20037.2
2.003	-20344.1
2.004	-20649.4
2.005	-20952.9
2.006	-21254.8
2.007	-21554.9
2.008	-21853.2
2.009	-22149.7
2.01	-22444.5
2.011	-22737.4
2.012	-23028.4
2.013	-23317.6
2.014	-23604.8
2.015	-23890.1
2.016	-24173.5
2.017	-24454.8
2.018	-24734.2
2.019	-25011.6
2.02	-25286.9
2.021	-25560.1
2.022	-25831.3
2.023	-26100.3
2.024	-26367.2
2.025	-26631.9
2.026	-26894.5
2.027	-27154.9
2.028	-27413
2.029	-27668.9
2.03	-27922.5
2.031	-28173.9
2.032	-28423
2.033	-28669.7
2.034	-28914.1
2.035	-29156.1
2.036	-29395.7
2.037	-29633
2.038	-29867.8
2.039	-30100.2
2.04	-30330.1
2.041	-30557.5
2.042	-30782.5
2.043	-31004.9
2.044	-31224.8
2.045	-31442.1
2.046	-31656.9
2.047	-31869.1
2.048	-32078.7
2.049	-32285.6
2.05	-32490
2.051	-32691.6
2.052	-32890.6
2.053	-33087
2.054	-33280.6
2.055	-33471.5
2.056	-33659.7
2.057	-33845.1
2.058	-34027.7
2.059	-34207.6
2.06	-34384.7
2.061	-34559
2.062	-34730.5
2.063	-34899.1
2.064	-35064.9
2.065	-35227.8
2.066	-35387.8
2.067	-35545
2.068	-35699.2
2.069	-35850.6
2.07	-35999
2.071	-36144.5
2.072	-36287
2.073	-36426.6
2.074	-36563.2
2.075	-36696.8
2.076	-36827.5
2.077	-36955.1
2.078	-37079.7
2.079	-37201.3
2.08	-37319.8
2.081	-37435.4
2.082	-37547.8
2.083	-37657.2
2.084	-37763.5
2.085	-37866.8
